405847254
347878401
112193672
139407828
292967262
135170316
108552092
397796029
481478922
391824124
1010489125
288384753
132302127
111486806
359439431
79464748
94449828
65751345
502634265
304490909
515289937
360574942
302359918
431456256
123812119
18328358
1212752730
284524437
334552613
380172458
262042390
249557862
295593365
272302177
389215565
298352233
328923927
226874896
365400380
268237437
281067238
391380083
262053136
544369818
46282596
272343483
710284495
119535584
873080593
482081348
294616071
589856980
221560547
266389378
148661395
173411272
168079085
494999548
377866563
248641629
1557988579
546623898
461991240
551901271
557861583
35438605
111780988
378044637
431483884
69340470
166209996
53622466
245238017
561585970
504482947
179170058
632940097
920846899
391367024
284781341
357943651
269651366
329541903
1540142881
238476282
400746275
521196038
341359108
313644168
219826265
1604929194
177092626
93393242
279120818
120786570
229358408
221319874
285641428
273511878
107027338
317081835
579759436
117054949
133707553
153407133
545958987
65909168
281896069
85771711
107938337
296602615
495816516
263523477
341928774
538001638
260583787
457421334
277298952
98078364
255015112
110310820
246273645
546933326
215871757
568179308
319543028
300163198
164977413
193663903
287059782
269152002
110101035
949846813
291795465
555236859
237578156
103198427
374080950
329540083
272938637
142956882
257902038
886311547
103477348
272898736
143777236
139905928
128837531
141841855
398448782
115009421
331596110
357543534
159489329
102062852
719493926
318518778
257863587
450376663
428726004
3792191
126666570
280513004
213321752
1445467567
152909235
109283726
146814153
512853573
506774500
286008311
778030698
454082766
301308425
268597421
454043872
379745411
134688564
217070465
869193348
338393076
281480865
965276048
287167532
108187352
284377407
236312297
234267920
519490838
576216144
283377031
504122824
1535739150
739965679
818958938
207804894
317642866
197464704
216625447
172975616
500380953
252038100
39478090
167261376
1724574457
134148810
618787690
169944929
263109179
1463977826
124790658
321216279
381600766
277996325
467691040
198561944
339705042
635010930
106353000
344646159
222646817
470937830
137491824
1361025830
283905175
108307589
340260989
358224697
1012960898
313735826
359853103
440382208
295221227
384201386
128817340
332225569
208790387
4046071
144501819
432461453
521120691
432107520
611424259
177826314
200917651
539070275
102012206
482576408
300137167
278014783
296026106
515595160
468505441
328357817
170312465
575321065
383140527
553686803
1383302372
253912107
472870243
132167923
634700669
117999267
501621222
166633040
204312345
439942477
288267452
340930512
103507251
1655859800
561814296
533993507
1392004614
541658717
289136823
549294719
118734976
207455609
66619520
102626568
237157746
826155157
309436902
458322797
90096617
272719101
455815223
154961690
174020242
219653498
217115393
1377187190
271014261
169941326
270323558
605945476
1657068254
283364568
109093775
297836363
866548015
1680184572
269867623
318796097
59813429
504526022
543440622
309576343
238579917
151868927
336302549
909846098
155951328
1677351860
178137402
93857522
160390922
208402430
265407543
210479381
197402968
55496365
265233857
187875787
304387629
150994315
537341838
93418070
136569384
58733275
328270091
548393566
565440794
269623990
128595525
102846659
329543706
173329692
218411688
149141784
287027593
170643434
128872057
359114071
263069276
861352633
542527993
583480584
148342045
165379760
130479098
763001562
350181661
178662945
1459543992
147721039
538376337
326040875
270785823
110051972
85240724
36652391
402124673
486463920
330868388
320477754
223129824
871637934
112403115
710605392
199272884
471842098
171003093
237251016
326520383
943146582
219658392
156995183
65777551
242153499
129800126
267565832
144440491
1410735978
568715000
515364806
608837485
161342353
397009468
140498775
236904814
302238740
199058063
788334030
208885471
265346310
108033484
300951158
249112562
375106150
586520218
141241884
292321277
233098812
294547475
234751822
121962075
179871568
296899179
528170059
562854419
86690328
117100833
247448116
390492904
131713499
98640294
238561187
240704265
76967622
364329090
241492840
277878204
396377999
588020671
348400914
287563598
617998307
825722442
529878192
15134649
535393093
349576571
563849939
455815943
222812406
17548819
264142296
1017422562
360364878
401127045
580380382
260569445
166515972
132950532
336445570
106685947
301246384
404093113
216368553
407631020
229242606
552612577
168092848
180374070
93430863
535427149
516116460
65256641
1065568975
268154877
275839938
293483953
288291438
210054628
207485979
519511707
100788036
581636182
149750250
156897410
99139108
524389877
248008844
538372602
329619072
411492984
333501653
208079288
248967642
565461338
227501300
425720392
128477787
366491749
1334175884
150229668
220350498
369859068
187105249
123567810
521180506
268321811
194059226
517493281
100513286
318413222
130177696
134293934
278409676
589858147
18375929
624461897
114648135
299416421
270816770
182317346
219689533
535465998
737588646
107911461
55992042
513017718
290986085
777716870
537837037
534197293
135810183
458074897
108935974
273777426
268117567
353561751
521435660
269629982
255908805
185609402
296275493
548938592
265283223
535459432
108617548
75422312
314430632
575100826
300694875
391804127
235183158
282837765
257890626
548443231
816794916
572287321
550115301
260693269
256296977
148262093
545088376
288233263
870792888
769587704
397132133
276496482
305000549
432968283
305386552
250450601
276946949
240600084
269944133
380666613
121248683
399472873
1429684812
14212065
128258232
1907469000
213261154
307174976
418005888
565388684
171771208
591918798
341376910
185995162
785959394
214893202
294968206
280722332
221387532
467123906
260030564
185656976
253025436
38156368
238891036
165823755
259198502
404047557
190257770
128629257
114762666
414705212
490217852
560346988
545148759
540681481
308863789
601143657
114783535
338812922
281891461
206154882
172688834
434765009
112318494
209428363
520315584
711661116
267405631
209402966
1192533283
211761657
294582153
301488671
99098748
48089631
291581373
136089733
1410052154
521241009
383682549
155249873
283605966
184615223
113368476
212993366
384832855
247780209
320453084
303243614
1087813838
160391178
171454957
266000580
826438710
74124725
814638936
112444929
134703061
109177028
601903269
211421485
254377458
245783381
1197198067
280347000
979545960
44876805
217686471
454063480
119089595
165426733
253948775
1227605528
148961191
130122666
888254606
346952755
163494458
345276291
200394625
427839178
537104292
549395544
166065665
330380074
571001349
176099302
340822023
287515336
223439424
72437550
884021917
98394218
233831831
132912675
102315049
529253488
350663459
73090513
280317745
268783550
573082220
317812836
239284827
901371170
205182752
148709675
226880503
719923370
117678643
596281175
116341781
334466719
241822818
15892009
364122653
224584360
468031223
150081428
556052241
471991013
281261738
521030987
121060080
265909903
429426162
114459655
274967733
814933386
1562457582
260989233
290004022
198342326
153739301
340688851
273983184
214426988
317696461
266415670
130411150
207291299
947501964
560104601
258772761
560319814
440880936
287183255
294985831
167725297
1277252617
111848865
161063496
857533945
345512303
563006577
222834735
557411717
499587848
201740439
546576777
190467517
523028075
613036441
471429899
424882467
330986295
454645661
209104519
628417035
630872116
268286932
323312825
144762733
179076266
141122705
278478174
494908092
515542538
765589106
841034334
540085982
295042258
142631941
134508285
212956006
244856388
267829062
523155964
51921683
240995239
320443974
521194068
244441195
283011097
187737881
248127694
368154530
704041597
432973758
200908448
268692165
219871888
1430306509
425756010
237234698
144674994
329550350
231162162
136430879
360435807
1269449630
304975533
338149347
483970026
129822537
112125181
119432663
526548890
221736713
88847454
136054971
208368320
328724009
115680507
193201422
526873804
585517941
388219675
179065436
239414881
293322277
358004060
423517297
108884604
210839250
291737931
537239690
586512579
603571665
143769424
544398108
289089012
331767363
146393950
558354177
593769816
190162426
11425382
239195990
806748708
275008262
75049603
282069125
289746644
247594271
1371058734
521069573
1940025193
372007483
478521882
1629838344
139684525
572388494
158715687
232757544
280306658
519096334
892638218
160426647
945293576
122952387
594129916
14963200
314422664
538650536
295441767
181583883
167431897
358083293
102945525
101424760
204631622
499607240
161333696
1441297987
65892545
295637289
190844985
146732878
368801787
160410152
624746192
143347483
184905964
111475282
1234910215
139686394
881312534
467060695
442912673
536043194
700102182
228377048
204289794
1331210696
245227903
420409956
565248177
239417681
117008640
308372659
97317906
264916905
265456506
184839032
829073012
290317490
137709830
569604312
485500788
576706432
157575762
419326973
223034490
401895447
143962074
546487375
99911739
159761408
136296818
416251392
199927788
229094272
394707063
232108936
120511473
99131115
328354830
276930661
570124659
338713942
113822462
391162808
572649879
387099419
126680458
574235809
372064641
62675991
262542571
95804858
370697376
922318596
597301314
449634343
167982599
143446751
361539125
554114279
138772402
170402287
213465685
234372782
143410125
165372614
68965897
288844725
89970108
193637491
119611709
152469440
293476603
215948656
524361358
170358048
199253989
299991260
238976662
112447089
317020787
131912427
129434525
347721768
213325629
284632092
274402023
247781168
155209880
111249115
467241511
170663661
298441601
112556259
294630663
135191820
179520938
126642858
363999040
211503244
634282854
254589850
297214987
265264775
88628285
296800268
275813708
324229090
327445060
274022321
218048538
494973699
9210442
613016735
519605272
180854174
110683637
446678414
275878258
512810353
754106594
90829005
144810513
155232356
117770034
220538649
549244613
263491615
307387187
469978871
732509510
4942981
1279406814
123516753
259150726
293439774
633672787
605291523
115409333
267455979
349022957
463475545
451482938
98360305
1953718178
86963131
544430859
163095059
1385864432
265236648
396407638
142993775
158646503
98160746
537151740
127874476
282983256
128429917
281065273
139076251
114654549
304472358
264222876
110065737
527300794
395418276
62867005
111515807
95876295
392455887
1605397021
616022307
213935639
128263018
287000280
275932611
269659192
388731105
120023638
541235818
365985247
88347355
534435489
17774371
890140622
107592346
96444893
246660650
264766016
25963686
358015828
749056742
238461350
316402924
335204001
318465580
399259578
345992006
228055632
240541473
268267842
822800947
140376558
102244414
609061091
272933196
342223959
103284641
159546985
189045212
128404760
280348697
145029233
449874488
14152708
579470863
123557728
167046974
360594907
225179790
387568091
268867993
188726447
547435061
752600390
420038679
209164515
551767485
1443606553
475479968
130417069
242208751
590171948
149123023
64403635
167020518
264724403
536351679
468902677
403124858
298156103
126014182
335682559
390015523
529384939
95399921
205732235
546877099
261712168
289154876
365938540
209459003
99532733
414002578
105745721
590968230
212236805
113862630
316407203
159364850
292831917
141203936
115968615
171442435
527964417
601915688
283352754
263538136
228097380
1542804566
128907734
208674828
1017050220
1086609728
222159664
144843753
135106815
172349093
159121572
63093042
200717685
963333691
339005841
181572810
310652555
1273017858
101991758
154248012
241040012
154114577
69183323
102733306
263725430
562742799
235485134
518309562
257836922
205553398
434661280
246216346
316247443
268714791
35909235
351651551
847808016
408313693
322458781
267577564
105160965
326832699
452782777
308500189
1922106332
315234056
96028355
145612878
429891471
284320555
425026164
120734425
462930782
172979127
340984551
329407818
589771058
107064633
1293454255
308376565
98167217
158181926
303732974
155845505
442565378
1733560824
583425032
558383015
551013125
254399892
624368898
481717229
516425380
265485032
29438651
263730147
185452562
816384690
493873175
202133441
552857010
613937998
526424046
382117248
329616079
230348431
302441548
247286033
606240484
103284187
511670011
219725373
280393743
299035181
773187283
328236507
226413767
403110849
206199862
102099845
1054115113
387647080
784068085
15037872
154512781
60594836
286387115
178708278
236283409
348844594
521255219
60280824
159696815
84039982
59120479
281083162
266415882
568423890
633811299
87634902
309969093
156166279
413707312
549024616
281065202
391396332
265743955
608956587
107289942
336614091
286649055
126250089
282518334
927312876
393074991
62258327
354817916
551648948
628012187
321327544
259264925
145618624
1407835478
148401614
186792614
547408691
172238633
369793630
131840876
116881199
359172618
564350922
151708066
564577782
219688652
227900442
214479266
224955301
203878663
579862160
1438629973
99445899
103719743
152675408
222511032
739525508
77436470
190495070
111239692
525291694
296292954
527553114
250053686
242742165
318262553
758749650
150179756
494902191
192540613
608341717
257796264
232555782
1609819160
323964855
421780278
301430010
158607058
296003286
310098006
433770593
245341097
228898984
147853390
584964258
986177756
364310131
234350175
173872088
249510867
537086029
101953555
1480839361
553373730
408250207
399886238
223865948
588892533
406019436
169859109
269170187
296189967
514196239
279081933
302565927
174533364
255471867
528321423
614098669
611494096
84306921
596738119
101716630
212858621
183084620
335213580
862473775
120446593
1933488733
402520634
110896935
170982409
111583136
980652872
246831087
54935246
322660866
145601719
933297643
600010414
217310817
125318498
264795165
215630842
1517545968
264846846
397100929
354691404
171522492
1298241097
273574573
390674451
1441321398
1253929656
558519362
128264836
191765802
620731951
178307970
998146189
326092088
109279512
461862732
560326006
214298102
102978164
395788159
854259096
287055059
1637342814
541543429
448653808
551624380
231704093
114094777
185508781
184048889
604179028
378517741
1277609298
160517464
378616436
271391737
186851406
183552942
229841219
399284458
296132691
280774833
132877109
145195004
839623134
111884099
242365836
564207179
100469095
525030990
102551255
631001526
329410631
201224597
536242129
558549709
276854704
868104258
517748521
312619575
174103873
462667575
131532468
386373934
247376632
133536854
268083381
112634571
300653999
527217020
194869076
106011340
268232788
168123221
177540495
95185340
91545279
319664598
71786448
543088816
516499240
96483863
199974766
1567270638
1731890318
513072308
264138459
93700841
528577464
151741044
311375953
176680760
214310948
278825088
191830940
275475082
1563146682
1010645294
114680780
506008579
506766572
396681381
87426235
216301325
951357500
58679360
1149786709
181080758
241120093
219664260
54774823
338207525
121662289
103222965
311897849
262630089
320515689
111257585
194979664
562947928
527626805
304846969
222370308
502502402
45037313
370700105
168968284
221268490
1349014088
209970507
750862200
130096763
236789894
263999692
556952466
1881579186
264190498
239733518
300055822
137635899
720061477
564110015
438355254
526148876
440462822
183946824
323054315
287636845
521113259
521089729
275945445
791449448
261994962
112424789
396564382
261972695
991070160
346378777
542641008
312440141
356856959
152546185
838392900
164230797
281915182
151843296
417623450
317840354
547637225
306039198
308362270
119626461
346480585
364215626
344498157
373993490
492819569
553383303
200715539
115867687
564298028
108737805
258683528
36616827
296281711
504337087
281816029
520249155
106308260
167260003
158378518
192090607
68992467
991188260
185107133
315678805
284478973
218084662
272085515
1291560258
268238556
137799117
504444118
329713728
520510218
101648924
568341238
268355292
1017307338
297770379
291732831
243714978
68902742
442532960
204314838
163474186
352336661
244807099
238413956
134819987
1375770865
48301243
1298453802
566180693
340320237
329537932
267773496
185517743
978680178
277816267
202474937
89722765
231006813
869193864
215415611
714551280
230189976
272956782
133519793
892663778
346564761
310942281
153277002
563320166
76669699
863377526
316219242
323663909
127857152
926626537
420893941
736202839
77564363
281017627
94278089
545258853
247735476
373660517
261150123
186049519
115587100
368267250
339446779
394345576
564300649
324425065
409152896
129759750
283464294
307399961
128822262
135557971
168453977
258610670
226923281
299103580
493764678
144573447
276844568
244445137
203538937
422400619
282888535
741151200
67519586
561655099
1270561933
161581724
157723679
117863845
317721682
324310566
303299291
122261628
486717660
299634744
478665763
528491757
198916811
138827931
545180429
796391929
382616032
296249388
105480428
1680978236
174072125
350592985
106706496
160134638
413276825
330320169
261938266
765643939
152548143
221398214
223488031
207398702
286556292
414876287
566881236
322012549
185069032
334047262
335751362
289753733
182368683
265776129
290641172
142958460
324760624
541733596
111598687
265518646
134767323
210382251
231002026
230432669
118616894
368170190
713989387
419149370
151036112
288775114
522349300
391371684
878092184
319137115
546653074
1369161030
523360664
797861786
517568408
560977892
133183166
522101053
49040008
67017035
89454436
68981307
165071658
551390129
255033456
190619856
370144040
120363673
121423855
189682363
293567843
634381214
100585554
287691214
222048408
369456044
154459494
316376239
136298454
150671264
121811596
519165527
841692446
102665897
212678300
826539541
265106754
532032328
197409304
339669296
123409179
806896573
119701948
280347356
98145141
297249228
507084884
101383411
1472644256
442854940
152961888
105506657
188796376
244449647
