405847254
347878401
112193672
139407828
292967262
135170316
108552092
397796029
161384439
344695892
481478922
391824124
309500178
1010489125
288384753
132302127
111486806
861392568
359439431
79464748
55748658
65751345
502634265
304490909
103218449
515289937
278937478
323161105
360574942
276930661
431456256
123812119
18328358
1147900946
1212752730
284524437
334552613
380172458
262042390
249557862
295593365
130890059
272302177
389215565
298352233
236312297
226874896
561142421
365400380
268237437
398756201
281067238
209950306
155951328
248155266
262053136
544369818
1253929656
448646612
46282596
272343483
243520884
119535584
873080593
482081348
294616071
589856980
221560547
160390922
266389378
148661395
219664260
168079085
494999548
181038637
339312038
208402430
248641629
547376612
1557988579
546623898
461991240
551901271
94449828
245378218
244928594
557861583
35438605
111780988
468902677
378044637
431483884
69340470
166209996
53622466
245238017
232396744
561585970
303243614
504482947
38585042
565388684
179170058
632940097
920846899
391367024
250343560
539922491
296591376
284781341
357943651
269651366
527964417
329541903
153324438
141991150
1540142881
238476282
143904688
197451454
400746275
148341993
521196038
537729685
313644168
620597314
216286487
219826265
1604929194
177092626
93393242
279120818
120786570
128260208
229358408
258315797
221319874
285641428
265456506
273511878
107027338
317081835
114762666
255049285
585638772
117054949
133707553
224178204
153407133
545958987
65909168
281896069
85771711
107938337
194567233
296602615
289321550
302359918
263523477
341928774
537341838
346497004
538001638
260583787
457421334
381012575
171785862
186792614
131016213
277298952
98078364
255015112
110310820
177182454
480173522
246273645
546933326
215871757
295042258
308376565
224592224
300163198
164977413
193663903
287059782
269152002
110101035
222370308
291795465
261541280
555236859
237578156
103198427
224080932
374080950
329540083
333229497
272938637
142956882
257902038
886311547
103477348
272898736
143777236
139905928
128837531
141841855
398448782
115009421
331596110
357543534
159489329
102062852
719493926
278090558
318518778
165375368
257863587
132484455
116091192
450376663
250573286
428726004
219247830
309725333
3792191
126666570
280513004
263967309
129501531
1445467567
152909235
109283726
302956637
146814153
2158850407
512853573
506774500
286008311
778030698
454082766
301308425
268597421
454043872
379745411
205188637
134688564
217070465
869193348
338393076
246769722
281480865
965276048
287167532
108187352
284377407
212272230
328923927
148672125
358609775
234267920
519490838
576216144
283377031
504122824
1535739150
739965679
818958938
468440339
218569267
236789894
515310693
207804894
165379760
317642866
197464704
216625447
172975616
244468916
500380953
265485032
39478090
248891625
167261376
315234056
238146002
618787690
508737629
710284495
169944929
390841784
68965897
137659971
117430853
549277164
263109179
1463977826
124790658
321216279
381600766
763001562
130409378
277996325
314303247
198561944
388722397
339705042
191830616
128834572
344646159
222646817
107417498
470937830
137491824
265938743
1361025830
108586564
283905175
108307589
340260989
358224697
1012960898
313735826
372898008
359853103
1280480972
440382208
149724100
270144084
384201386
128817340
332225569
208790387
4046071
144501819
268775963
432461453
260627781
138132123
521120691
552857010
432107520
611424259
177826314
145631949
200917651
539070275
102012206
482576408
278409676
300729218
300137167
278014783
296026106
515595160
951357500
328357817
170312465
927312876
383140527
157631515
553686803
1383302372
253912107
111618923
472870243
132167923
634700669
117999267
142645532
501621222
126298457
246831087
204312345
439942477
497985660
288267452
340930512
103507251
1655859800
561814296
533993507
1392004614
240916980
171927347
541658717
289136823
549294719
606240484
440462822
66619520
102626568
531854894
237736732
293767367
826155157
309436902
458322797
215863926
90096617
272719101
455815223
591567612
154961690
174020242
98030267
219653498
243423814
217115393
1377187190
271014261
169941326
270323558
256864047
605945476
1657068254
283364568
109093775
297836363
166065665
1680184572
269867623
507084884
59813429
504526022
423422921
543440622
309576343
238579917
151868927
336302549
909846098
391380083
1677351860
178137402
160225320
93857522
606261625
377866563
265407543
82080696
196942546
210479381
197402968
55496365
265233857
548989781
130855455
304387629
265880883
150994315
137639636
93418070
136569384
58733275
177509688
328270091
548393566
565440794
269623990
128595525
102846659
329543706
173329692
218411688
149141784
287027593
170643434
128872057
359114071
264481820
263069276
861352633
542527993
583480584
148342045
232853692
402827071
130479098
598523956
350181661
115005822
178662945
251534549
1459543992
147721039
538376337
253189344
266212484
326040875
437230832
270785823
122713223
110051972
85240724
36652391
177527014
402124673
486463920
30210357
330868388
320477754
278844017
223129824
871637934
560174283
112403115
710605392
199272884
152546185
196650224
171003093
889066964
237251016
326520383
132912675
219658392
156995183
65777551
242153499
129800126
267565832
144440491
1410735978
311229214
568715000
515364806
531282421
608837485
161342353
397009468
140498775
298883215
236904814
302238740
199058063
788334030
525408987
208885471
265346310
192949525
108033484
300951158
249112562
544324782
170663661
375106150
586520218
141241884
105308983
292321277
233098812
294547475
234751822
121962075
274490414
182406997
438170592
179871568
296899179
498516393
559485759
562854419
86690328
117100833
99532733
247448116
390492904
395054432
131713499
98640294
238561187
240704265
76967622
364329090
241492840
277878204
396377999
254377458
348400914
380708474
287563598
617998307
825722442
529878192
529253488
317812836
295221227
245762161
618766010
535393093
349576571
563849939
455815943
222812406
17548819
264142296
1017422562
119940494
289753733
539182144
423065234
360364878
401127045
580380382
260569445
277386797
166515972
132950532
336445570
106685947
301246384
404093113
216368553
223356743
407631020
290356514
69290715
229242606
85032067
552612577
168092848
275976534
180374070
93430863
535427149
129481125
404531526
244536535
516116460
158715687
271452610
1065568975
268154877
275839938
293483953
288291438
210054628
628012187
207485979
112193375
519511707
1331210696
541802404
581636182
149750250
156897410
18867269
276851184
99139108
117678643
248008844
179065436
257229029
538372602
222855540
1009197020
329619072
411492984
252951631
333501653
208079288
362425071
565461338
191359388
227501300
162607830
425720392
128477787
298002603
366491749
235171470
1334175884
222880599
150229668
220350498
369859068
187105249
123567810
190848848
98989735
268321811
194059226
308372659
224584360
318413222
59120479
134293934
457526166
589858147
175241787
18375929
624461897
114648135
263100196
270816770
182317346
309530479
219689533
254941154
535465998
406827534
737588646
1590591660
107911461
55992042
513017718
290986085
777716870
537837037
516418619
98876319
458074897
108935974
273777426
268117567
305412020
353561751
521435660
206078493
328484909
208678651
255908805
185609402
296275493
176792434
192555485
265283223
35600915
341359108
535459432
108617548
75422312
314430632
575100826
300694875
391804127
235183158
282837765
257890626
548443231
910208197
242742165
162336009
572287321
550115301
102276359
260693269
320048290
1346321048
148262093
545088376
288233263
870792888
769587704
276976940
97350835
126827527
397132133
276496482
305000549
432968283
305386552
250450601
520249155
276946949
240600084
269944133
380666613
324358276
121248683
399472873
112634571
14212065
128258232
144904934
106689459
1907469000
545856899
213261154
307174976
192090607
191830940
303128037
129397252
171771208
1149786709
341376910
528170059
130774566
185995162
92272632
785959394
260984608
167431897
214893202
319027613
294968206
280722332
221387532
282518334
65256641
275413016
467123906
260030564
267563101
376051921
185656976
253025436
38156368
368921165
520401845
331513764
238891036
57771289
362438233
185107133
404047557
190257770
128629257
140104149
1359014743
579759436
420893941
490217852
161951673
560346988
545148759
108255913
540681481
308863789
601143657
114783535
288091527
281891461
560228172
206154882
172688834
347777079
434765009
112318494
209428363
446870314
520315584
711661116
201740439
209402966
1192533283
211761657
294582153
187875787
301488671
99098748
48089631
291581373
136089733
1410052154
144741121
521241009
383682549
317696461
155249873
1191679154
283605966
183084620
362419453
184615223
259594629
113368476
212993366
384832855
247780209
309514551
320453084
183142315
1087813838
160391178
171454957
266000580
122669049
826438710
74124725
814638936
112444929
134703061
130411150
109177028
601903269
122964895
211421485
588020671
245783381
1197198067
134086070
269902061
280347000
979545960
548938592
44876805
582951795
217686471
454063480
267090944
119089595
350999989
165426733
253948775
318446207
1227605528
304993503
148961191
130122666
297867892
345272392
888254606
346952755
225460176
163494458
114486850
345276291
200394625
101220167
427839178
537104292
172232090
294015754
549395544
52334056
866548015
330380074
571001349
1279495807
176099302
340822023
158719457
485500788
220835134
525483688
196960181
287515336
223439424
72437550
884021917
98394218
233831831
943146582
102315049
15134649
350663459
245328515
73090513
280317745
268783550
110922940
573082220
1430314806
239284827
901371170
205182752
284521090
548154520
148709675
226880503
175276508
719923370
103740182
596281175
116341781
553355684
331767363
241822818
15892009
227265775
364122653
100513286
468031223
150081428
230629007
287625937
556052241
471991013
281261738
266276637
521030987
121060080
265909903
429426162
114459655
274967733
814933386
231559849
1562457582
260989233
290004022
198342326
153739301
340688851
273983184
214426988
245605238
266415670
228364995
207291299
152612396
947501964
560104601
258772761
560319814
258272195
297193667
270729903
440880936
287183255
249186746
294985831
197974360
167725297
1961554399
249254901
1277252617
566180693
161063496
127038081
162065872
857533945
345512303
563006577
222834735
557411717
329528550
499587848
226937982
1273826533
157194638
190467517
523028075
392646985
471429899
424882467
330986295
267773496
454645661
209104519
628417035
630872116
268286932
140904571
144762733
179076266
295441767
278478174
65892545
429066236
765589106
841034334
886269998
540085982
568179308
142631941
134508285
212956006
244856388
129450640
267829062
169882529
361221829
523155964
96444893
240995239
320443974
521194068
244441195
257413225
283011097
187737881
248127694
210733362
368154530
704041597
432973758
993066000
515393143
200908448
268692165
219871888
583439725
1430306509
425756010
304280824
237234698
140336119
202697313
265174331
588791703
99445899
231162162
136430879
369868908
360435807
246164206
1269449630
133545259
283413258
338149347
483970026
554314849
129822537
112125181
318491477
119432663
526548890
200861554
221736713
88847454
471173670
110021750
208368320
122674470
949846813
328724009
150524046
197634723
115680507
222511032
1545931152
526873804
613036441
585517941
388219675
963333691
1243409076
239414881
293322277
358004060
423517297
108884604
131724449
210839250
517596568
173137179
291737931
537239690
324850609
586512579
219155946
603571665
528973182
164994939
195635864
608849033
143769424
165061048
544398108
289089012
94952764
18406878
146393950
635010930
99252009
152286580
558354177
230189976
927824382
593769816
190162426
252675496
11425382
239195990
806748708
275008262
75049603
282069125
247594271
607063677
156833972
1371058734
543337622
1480839361
1243334006
557839287
1940025193
372007483
478521882
1629838344
139684525
531232265
380757679
176388450
70089128
101456747
132877109
232757544
310959673
290485232
280306658
323312825
519096334
158584857
892663778
147514988
109769343
892638218
160426647
87426235
228044221
266355038
319534994
594129916
168968284
314422664
1375770865
538650536
141122705
181583883
248910726
213321752
358083293
264892272
102945525
101424760
110065737
204631622
499607240
142611653
161333696
1441297987
494908092
295637289
600032825
190844985
515542538
379704452
282143401
368801787
150179756
624746192
143347483
184905964
258166018
627949166
111475282
1234910215
139686394
881312534
953294568
467060695
442912673
536043194
109805549
700102182
333265548
290995694
228377048
121624704
204289794
265341116
100788036
245227903
420409956
565248177
239417681
117008640
97317906
264916905
231728559
184839032
572114450
829073012
290317490
333879049
265267660
569604312
166633040
118528268
576706432
151048067
157575762
265466891
419326973
223034490
401895447
251170475
239365138
143962074
546487375
129482339
131139002
99911739
159761408
136296818
416251392
199927788
229094272
394707063
232108936
120511473
99131115
328354830
570124659
338713942
113822462
391162808
572649879
387099419
126680458
1702453916
574235809
372064641
62675991
262542571
95804858
370697376
922318596
597301314
449634343
167982599
143446751
368350401
361539125
554114279
138772402
170402287
213465685
120293019
234372782
143410125
165372614
255528475
288844725
89970108
193637491
131718349
119611709
152469440
293476603
215948656
524361358
170358048
231162017
199253989
931950427
299991260
238976662
112447089
317020787
131912427
129434525
283090658
347721768
213325629
208799345
284632092
274402023
534197293
247781168
155209880
111249115
572388494
467241511
246367370
298441601
581861024
112556259
294630663
63002860
135191820
179520938
126642858
363999040
211503244
634282854
133647074
254589850
297214987
180285126
265264775
88628285
245226625
296800268
275813708
324229090
127107823
114385665
519483758
163071828
327445060
108586559
172301365
274022321
218048538
494973699
9210442
613016735
519605272
180854174
298016193
110683637
446678414
129143988
275878258
248967642
512810353
754106594
90829005
277371535
144810513
155232356
117770034
220538649
143605136
144674994
549244613
263491615
307387187
469978871
732509510
4942981
481766751
1279406814
256296977
372165465
123516753
185817897
135810744
259150726
293439774
121013516
233373600
633672787
188721171
289847911
605291523
53049622
115409333
873329994
147804812
267455979
242645554
349022957
463475545
119701948
451482938
112974808
98360305
1953718178
272364765
86963131
544430859
59742059
163095059
1385864432
110068056
265236648
105748142
344024249
396407638
142993775
158646503
98160746
111212505
1258643774
537151740
127874476
508780672
282983256
128429917
176297255
397059871
154079089
281065273
139076251
114654549
304472358
264222876
166881686
393486819
123647580
316376239
527300794
537274917
395418276
62867005
304975533
521180506
111515807
95876295
392455887
1605397021
616022307
125218848
213935639
143458636
128263018
196911726
287000280
187552584
275932611
269659192
388731105
120023638
541235818
365985247
88347355
534435489
17774371
517493281
890140622
107592346
485743281
834975878
246660650
129815758
264766016
481111845
263518793
25963686
358015828
99835723
749056742
141987717
238461350
316402924
335204001
201253314
1270561933
337487865
318465580
168453977
399259578
15657266
345992006
228055632
240541473
268267842
306018525
822800947
140376558
102244414
335213580
193347853
441945942
272933196
261232673
342223959
103284641
159546985
216244100
547654383
128404760
110157463
280348697
268008206
304434948
145029233
330023968
449874488
136054971
14152708
579470863
132557333
123557728
224555482
167046974
142618395
267120008
343899449
402520634
336614091
321302620
387568091
240141390
268867993
188726447
547435061
752600390
420038679
209164515
551767485
1443606553
475479968
265247307
130417069
242208751
125839360
590171948
149123023
222447289
64403635
422400619
264724403
536351679
134738104
179293874
97462921
980652872
403124858
352123786
267732116
298358191
126014182
335682559
390015523
529384939
307911648
95399921
442438067
205732235
546877099
261712168
289154876
278065059
365938540
209459003
502502402
414002578
105745721
590968230
212236805
113862630
316407203
159364850
292831917
141203936
115968615
171442435
218619988
549045763
114122750
601915688
283352754
182286608
83162690
263538136
142170861
165406203
228097380
108028187
1542804566
128907734
208674828
113712430
1017050220
1086609728
229812818
603278881
372484884
222159664
144843753
135106815
172349093
207357315
723554954
159121572
63093042
281032835
200717685
236225856
339005841
181572810
310652555
1273017858
101991758
306881628
154248012
241040012
154114577
69183323
166414003
102733306
263725430
562742799
274035338
518309562
257836922
205553398
110114592
434661280
246216346
591918798
316247443
268714791
35909235
84693548
213234373
847808016
408313693
322458781
267577564
486717660
135810183
326832699
452782777
308500189
317073233
1922106332
1724574457
268324949
96028355
145612878
429891471
284320555
425026164
120734425
462930782
172979127
384858897
340984551
134148810
329407818
589771058
107064633
1293454255
873111006
98167217
567949950
158181926
303732974
267616360
275884121
291113576
155845505
442565378
1733560824
583425032
78627630
558383015
551013125
524389877
254399892
291930796
624368898
481717229
397099893
516425380
187045587
252038100
29438651
263730147
150213877
270225087
185452562
816384690
493873175
202133441
271941188
613937998
526424046
382117248
269629982
329616079
230348431
302441548
105819194
101140988
247286033
508279652
118734976
203109427
103284187
145023727
511670011
219725373
282059324
280393743
175750988
222820079
416777084
299035181
773187283
328236507
226413767
354691404
206199862
281039846
301803139
102099845
354818565
1054115113
387647080
784068085
15037872
283548093
154512781
60594836
286387115
178708278
236283409
348844594
1111104925
135365236
521255219
60280824
546576777
282985109
159696815
442854940
84039982
130177696
281083162
1680978236
266415882
431225169
568423890
335811423
633811299
87634902
344045034
309969093
156166279
413707312
549024616
467691040
281065202
391396332
265743955
608956587
525289923
107289942
360594907
286649055
198333069
126250089
225179790
229116170
334466719
178200161
566174994
98902776
211844066
305005126
393074991
62258327
146732878
354817916
551648948
505735978
243571101
321327544
194404875
259264925
219888631
145618624
1407835478
148401614
193201422
106353000
547408691
172238633
369793630
131840876
116881199
359172618
564350922
151708066
564577782
219688652
227900442
205122651
214479266
263182906
224955301
43600056
203878663
579862160
297193326
1438629973
329550350
103719743
152675408
625249448
739525508
134761389
77436470
190495070
560326006
111239692
525291694
296292954
527553114
630691178
568233053
170538084
250053686
816794916
318262553
758749650
265001885
494902191
192540613
608341717
257796264
232555782
1609819160
323964855
421780278
301430010
158607058
296003286
310098006
433770593
267131026
245341097
228898984
147853390
516252733
584964258
222396746
986177756
269796978
364310131
234350175
173872088
249510867
537086029
278857968
536148727
101953555
319543028
521069573
553373730
252558967
223873634
408250207
399886238
223865948
588892533
406019436
169859109
269170187
296189967
514196239
279081933
302565927
174533364
255471867
528321423
322012549
321961611
614098669
611494096
84306921
596738119
101716630
212858621
129815328
609061091
862473775
120446593
1933488733
541410758
109504968
110896935
170982409
111583136
1444644396
239399950
54935246
322660866
145601719
933297643
600010414
217310817
351651551
97918245
295054097
264795165
215630842
111921737
267405631
1517545968
199530027
264846846
14963200
593588435
575321065
142548196
397100929
403110849
554827351
120690503
171522492
1298241097
378517741
390674451
1441321398
219674271
558519362
128264836
191765802
620731951
294614671
185167731
178307970
253400274
998146189
326092088
241155515
482657532
109279512
461862732
574256643
214298102
122311219
102978164
395788159
854259096
571603036
194055450
287055059
1637342814
541543429
448653808
551624380
231704093
877767738
136601484
230678200
114094777
185508781
111598687
604179028
273574573
1277609298
160517464
378616436
149012986
271391737
186851406
183552942
229841219
399284458
136679342
1137092436
346480585
280774833
145195004
371829596
839623134
298156103
101651255
111884099
242365836
564207179
100469095
525030990
102551255
487530046
631001526
282522972
329410631
201224597
536242129
558549709
554343238
276854704
868104258
517748521
312619575
174103873
462667575
131532468
386373934
247376632
133536854
268083381
1429684812
296132691
141584287
527217020
513121262
94788687
194869076
106011340
268232788
168123221
281007430
127147359
177540495
95185340
91545279
266383581
319664598
71786448
543088816
516499240
96483863
199974766
1567270638
307504798
251394590
513072308
264138459
93700841
528577464
151741044
311375953
176680760
214310948
278825088
95388245
275475082
562029415
1510269997
1563146682
1010645294
155521286
362418439
188796376
506008579
506766572
396681381
945293576
122952387
216301325
468505441
58679360
841692446
181080758
241120093
173411272
235432874
106869355
91949629
54774823
338207525
121662289
622903387
103222965
497555154
311897849
262630089
320515689
325659900
245176194
160390702
111257585
194979664
562947928
527626805
304846969
205087188
145672417
248152767
45037313
326744318
370700105
252013182
221268490
1349014088
209970507
619599423
430728130
750862200
130096763
223127645
107912915
263999692
556952466
314428883
1881579186
264190498
239733518
300055822
137635899
59454916
720061477
564110015
140889138
1612504098
438355254
526148876
207455609
183946824
133994971
323054315
287636845
521113259
345381232
521089729
289818097
275945445
425046676
791449448
261994962
112424789
396564382
286406017
261972695
991070160
346378777
542641008
89454436
356856959
471842098
838392900
164230797
281915182
151843296
417623450
355951183
317840354
269905702
547637225
116424401
306039198
146025666
308362270
119626461
551390129
287063623
80535034
51921683
1631689009
364215626
423422017
344498157
373993490
370144040
553383303
200715539
115867687
564298028
108737805
300653999
258683528
36616827
296281711
504337087
281816029
46067719
106308260
167260003
158378518
418005888
266969484
68992467
165823755
259198502
285432863
315678805
284478973
218084662
272085515
254071230
1291560258
268238556
120363673
137799117
504444118
329713728
149568748
520510218
101648924
568341238
268355292
1017307338
297770379
291732831
243714978
372603785
547646490
68902742
266534125
442532960
204314838
157930839
163474186
352336661
244807099
295944555
238413956
134819987
209031948
48301243
1298453802
111848865
423120416
340320237
329537932
415601055
185517743
160410152
978680178
277816267
20125545
202474937
89722765
231006813
869193864
295583594
215415611
714551280
84321318
142642311
272956782
133519793
159193060
346564761
298391487
310942281
153277002
279622878
533894036
563320166
76669699
863377526
89872203
501504680
316219242
323663909
99209417
130838418
100962329
276944386
127857152
123480455
119079693
926626537
128796342
414705212
524354471
736202839
77564363
281017627
120666922
94278089
545258853
236239438
247735476
237157746
339038259
261171859
161244489
373660517
237506759
754299973
261150123
107280177
126352388
186049519
115587100
368267250
339446779
394345576
564300649
18337844
324425065
409152896
255491685
553356022
129759750
283464294
307399961
1202729851
264178789
107969943
520527877
299416421
128822262
135557971
463923966
258610670
226923281
299103580
493764678
144573447
276844568
136298454
203538937
70975269
70995878
167020518
145692282
282888535
741151200
67519586
561655099
338812922
447933655
161581724
157723679
117863845
175754803
317721682
324310566
303299291
122261628
105160965
331460517
299634744
478665763
95629756
528491757
198916811
138827931
284937107
262962668
287476779
545180429
146332830
155811789
796391929
382616032
212678300
105480428
141076889
546614102
174072125
350592985
106706496
160134638
535391668
413276825
330320169
111408998
351619807
261938266
765643939
152548143
221398214
223488031
207398702
821536957
286556292
414876287
566881236
569793072
1731890318
120716765
185069032
39690225
334047262
335751362
125318498
182368683
265776129
235485134
290641172
142958460
324760624
541733596
184048889
137404859
96125769
265518646
131420874
134767323
210382251
231002026
230432669
118616894
368170190
713989387
419149370
151036112
288775114
439685028
189130239
522349300
391371684
154725329
878092184
319137115
546653074
1369161030
188620091
523360664
797861786
517568408
560977892
133183166
522101053
49040008
67017035
312440141
68981307
165071658
347353479
255033456
190619856
492819569
606225110
137709830
328471481
121423855
189682363
241524800
293567843
1566895052
991188260
634381214
100585554
287691214
222048408
196556277
369456044
154459494
189045212
244445137
150671264
299415174
121811596
519165527
495816516
102665897
296249388
826539541
265106754
532032328
168591030
197409304
339669296
255847583
625201012
123409179
806896573
117398530
562781954
280347356
98145141
297249228
318796097
101383411
1472644256
289746644
152961888
130392784
105506657
114680780
244449647
