44798310
549881125
18475042
604470381
624836161
103527632
54104054
15112990
35795376
867586165
78464562
87162196
49280989
7987942
937705970
106969010
9641342
4305501
4038981
127200841
62052561
108855208
356210037
65360095
127886890
29424124
5999482
5607832
205175620
49075175
99668507
3526691
5707482
61180174
6437392
15326252
128583617
49654031
366576794
4556471
15997304
107719030
194669214
309774585
5208871
231763420
56116182
19477504
256399389
85232797
270310592
199264322
7313812
429797437
17482993
177160872
217698178
265902560
5761432
43563995
86956729
19223041
389019342
26236710
99675279
9099062
366436502
178739064
100253483
1178175450
292976536
140288439
31638770
54757466
1481150137
121723717
1540276356
251021228
1256438425
52699567
49252168
1388290069
82598823
1609831993
350080668
153641791
49663964
4877461
300935949
52981908
799114718
371218956
13475312
95574867
138067613
239563049
113324998
41058457
3523861
455014715
1026957150
53047052
58503014
264565421
812213197
77992228
4883051
60168650
82822326
90584195
303215249
194825942
101518788
123790371
60232456
109515142
267065562
7153532
108629757
57898828
59540087
82810717
94010478
89393636
1448697630
9933412
1412923783
6782332
17932841
494540771
136770938
253385438
3860691
1368666002
1149111
133213331
4012821
3310801
19840608
15452937
148572227
1100542584
68662125
997846530
262569922
112145818
138600362
680653
66036234
1277329748
40366344
195028652
3900461
559377014
18539830
111038517
18074136
866457750
4460521
70341855
721447658
62561261
7606072
166154864
5464742
8343322
44890502
71078290
139456983
90625879
116660490
16053256
1081426747
440664302
38135935
59766359
208390958
70938018
85786188
201546432
162099802
15029891
329751611
15992715
710302399
973367900
16784955
170942418
64727864
34269807
7841842
57945886
449504031
88647480
88418736
150435361
16471030
19531970
158562521
30191259
18802424
159646825
81409466
219308640
52707783
46384468
49579627
97685549
12588742
558674062
56052883
837002658
5849472
254290481
15087732
602064883
107030353
52983701
9344212
133351633
41537226
120354898
141932133
10356882
312543928
69193707
359805144
3594351
76001573
5374312
36591414
181077696
270252504
6142322
1399040822
64260849
24900206
828706447
1054491313
1091074676
1021740546
6940892
110709572
412329474
4989071
84270638
74465001
40019959
5512352
100070439
63948580
569828585
207113236
3959111
104541350
108859787
7622742
41553974
1117001
152531715
91229545
353893813
620077782
63461143
21967647
5405512
18094482
166495066
53330139
95210137
45568227
54147874
248550278
39488017
3990061
595709347
165367887
116405825
417204540
11328252
76828988
97527507
140757215
62112196
38012830
77928232
4030971
86169041
124383141
8326612
122860763
129458124
354360373
350630982
152997423
86231704
330019641
987166844
15367082
46099193
102577629
15029195
86696892
155140878
283496501
57335448
107251097
323868146
520330804
3631571
53323187
83014023
26175678
65353772
46076448
104548364
551638688
6062442
90882976
1369350530
167403058
35636774
4968931
135824224
167925595
12783222
133648351
536156682
26912628
143737133
22938312
141474864
16806548
37937394
160424026
4132331
25703590
78464049
70118723
70331938
454885648
233778360
114228536
186747527
112100820
55202470
29657186
129826539
3671941
269608701
96387964
17362498
104850399
5780912
4365941
155202947
268992741
3834951
996553850
321424636
425889054
36291433
578281365
56338102
100449651
112695930
521401295
1461559400
47857580
16907053
486226731
142585599
5006031
61183270
428682514
324815921
85116049
65213842
136237841
122107953
6756242
113640345
461715415
5690522
94804460
42189695
202010903
79651715
143772855
156936993
53437015
128483437
84033742
111624237
156606628
136479774
936724002
46420806
163446750
131873968
34524042
40390387
15415357
33923521
203494403
56081209
91527176
25926132
1076058583
157928346
29888119
456707348
632466697
139663834
107387303
167886847
298837836
3995921
51583703
61395353
70587953
63962259
35998037
171593997
147995223
6255162
115410783
8949712
9449612
83443076
7611042
60274530
972087110
76608604
184640443
306295211
19797237
392527914
212175342
1039133322
16979586
86965909
7456352
65655821
3646871
111811201
114737173
1572069145
72520125
76877143
276501505
59095689
71280312
15270211
214510975
366129588
1434981397
190926172
114126319
22744949
100329538
614862843
133366379
215854008
262151412
4449901
5743172
78503168
138454163
147409417
103246578
8699112
94661831
276538339
134812071
11752332
113646498
190590490
60320929
62221944
1138798602
4056111
131460885
112034083
18188545
837211819
102569835
102360027
355515842
326939697
185518751
233963152
91743165
375543345
188240436
68404734
128481449
189221869
426487886
82112586
338920338
231026236
333859814
98291918
4242151
434024521
12428412
103590780
143307934
116790987
5380172
12352982
148757124
18332897
323408235
15955376
3343131
7128732
41741914
28262398
43806029
5702302
110147794
12078752
14750188
31335707
247198916
214883530
30842485
53636061
164584296
845533670
331557426
83033698
91299171
264833180
54208964
199550192
101714357
206663826
224181045
81040058
86994922
42236162
61794940
40791278
528576872
5609962
613452621
55759163
1103255216
60334587
3821631
29206065
13137982
14428667
265395621
132548589
15761089
4171231
6891592
229320134
100792040
62543663
19955981
91967088
15277683
288019341
117657587
708381595
3708621
81058986
272525211
59463974
452824402
1356198811
15893163
44753254
82533535
70231046
1192088005
30621770
118977157
77731359
318974650
94840108
45452034
522958834
147124945
188291052
280286613
6276312
3839521
36681605
16182534
169061022
97670982
5721402
16304242
85321582
128160111
48682181
4321131
357319712
416097196
79735924
332029225
83991168
291072887
280269256
79539454
31613718
109992266
65650028
3909041
2152561
388055579
134423216
16704021
3536531
115573642
168418983
211202744
103469744
16554541
14488958
58994302
109509510
12683822
63408195
59126778
3391301
615195313
92153059
14077856
10742382
7027102
81224254
18264381
863762089
97221039
4481411
45368103
5544222
251127982
5675802
139859305
621559302
132187312
6685142
53309021
69350199
187203876
153403646
199493658
4150871
50553260
51391043
6832162
78325192
5780412
62495120
340378422
5923732
89450668
94878036
278035866
6966582
1385586894
23975126
19799971
26503989
134475882
79378365
179105700
149092237
52876801
625765778
32350981
396595260
104127776
100545186
104135752
605353579
87447609
133644018
134130428
191728700
24960162
30661059
419375133
243581776
64682978
16365467
13467522
110633876
56413988
18356364
5392042
94914472
5520572
86804635
303485535
98311479
453820549
135001922
5546632
17555514
336971022
86493111
161642313
138150088
134478520
345191204
59822873
57921871
20760833
131547676
591663596
519522040
270107223
66569610
3988251
175222897
6025122
69163429
106644520
87681470
532918846
279794862
365213902
49038018
63323212
316976503
169903581
331685487
780141
105149277
17407538
119700041
187433781
4924121
21641182
326045074
1359790010
122821469
807458280
36000482
19184153
28905560
194412670
6832082
187823636
124975131
58826476
27142513
461138662
9219612
6063632
93169729
4331771
103623184
401486350
11408942
3792291
120510575
453697249
112182058
85509079
50334280
1317919560
112747447
100975198
1699311
28099135
366923365
44565794
51278855
10333422
208943564
1533453493
14603485
96747957
100373520
4551761
81121280
90055603
1921886004
4822011
108346638
17464665
320666707
105444846
95189482
18714913
147437245
495618826
90762360
76574536
14916114
314892001
8424582
63734545
98616740
3516311
50289174
124385098
220867162
37582306
254594332
67353508
8505002
808598677
264659393
10302522
128262641
968196722
103510878
337054376
176812636
61127821
95899648
1095004406
123911581
4961421
17464467
141421846
48273894
15322118
941315940
5931152
42383172
245697148
153343194
210176548
67571390
100115294
64588886
50406234
470343189
12973922
4895141
5394062
169080387
1228774046
95365293
16163557
6886572
358639847
96087827
20024127
49946630
157247631
112195505
152133565
5459422
300216832
380763709
122028799
81151673
5588612
24658909
5394912
406743044
6055072
927673208
8926042
138392430
42336551
200851716
112973085
70843505
22925331
90321537
132443388
216311391
126586765
205243221
37466252
562098672
4117231
63371535
936233263
165480993
1553188903
5518822
84254055
142689362
833146286
223733182
135435715
18832183
115386716
71031150
43043475
6020862
102592101
24653768
63150818
370818593
89442807
180719806
52697473
106410520
546122961
17153378
129034026
189878358
66302814
47279627
14773121
15114913
116269327
18118164
40167148
1759801
82911202
84206221
82074306
39265859
20770628
148193086
102023043
394589769
14806752
81170234
48361553
9290012
8978572
54910723
52701713
115062243
15402125
134547631
975512437
47660297
3980331
155449120
80319095
933582354
17964122
189911812
66880497
92326902
29170323
90140047
1227466609
70583831
14523904
15204557
304918082
102361587
777713797
187902205
124296664
83569161
21458902
73590567
43350778
264339474
320790237
8350062
238432848
5708582
8282142
6251612
255058401
74136595
52303002
79413954
1326300224
110154216
1396142569
1098381066
6162692
4343771
5523632
7292582
258193893
153320256
15596556
50532185
18203585
194504911
166894843
419763501
113987676
14983923
31036457
1484622278
83150044
86915513
165957785
76982194
22603700
185978444
90584040
117764842
120931913
41070259
