44798310
549881125
18475042
206663826
604470381
624836161
103527632
54104054
15112990
17482993
542911009
867586165
78464562
1412702370
87162196
49280989
7987942
937705970
106969010
116660490
4305501
4038981
127200841
62052561
108855208
356210037
265932267
13137982
127886890
585495975
29424124
5999482
5607832
205175620
49075175
1091074676
99668507
3526691
328414617
5707482
5374312
6437392
15326252
186747527
49654031
366576794
154840504
4556471
15997304
107719030
194669214
987166844
5208871
231763420
56116182
19477504
256399389
85232797
270310592
76574536
1526458104
976283876
429797437
252948238
35795376
177160872
217698178
265902560
5761432
43563995
166894843
86956729
65360095
19223041
389019342
26236710
99675279
366436502
178739064
100253483
292976536
140288439
31638770
54757466
1481150137
357319712
121723717
1540276356
251021228
1256438425
52699567
49252168
1388290069
18332897
139859305
350080668
153641791
52303002
513113065
49663964
4877461
300935949
52981908
55979650
215854858
799114718
12973922
13475312
323408235
138067613
239563049
113324998
41058457
3523861
152287353
1026957150
457193941
53047052
384273962
58503014
226012787
264565421
61180174
812213197
77992228
6276312
1484622278
136565087
82822326
280269256
303215249
15992715
101518788
197493814
123790371
60232456
109515142
267065562
18264381
108629757
57898828
59540087
155202947
94010478
89393636
1448697630
9933412
910251008
124461751
17932841
494540771
136770938
253385438
14750188
3860691
1368666002
1149111
4012821
3310801
19840608
15452937
148572227
1100542584
68662125
997846530
317763642
100449651
112145818
1228774046
138600362
680653
41567584
1277329748
40366344
90882976
3900461
559377014
419375133
356912442
111038517
18074136
866457750
4460521
70341855
455014715
721447658
62561261
63371535
166154864
5464742
8343322
44890502
403947650
1609831993
85987178
71078290
36291433
90625879
84655309
16053256
1081426747
440664302
450761882
130104140
327852099
59766359
208390958
3858081
70938018
85786188
201546432
162099802
15029891
1091812453
3995921
710302399
214883530
16784955
12101302
170942418
64727864
34269807
7841842
57945886
122028799
88647480
88418736
150435361
16471030
93844203
19531970
158562521
58669727
30191259
18802424
159646825
975512437
219308640
52707783
203888177
49579627
97685549
3594351
558674062
446255464
837002658
5849472
254290481
94520254
15087732
602064883
56052883
107030353
52983701
76828988
69768908
910234154
41537226
120354898
141932133
10356882
312543928
94779201
26175678
359805144
183505430
102352125
12588742
1693836590
86084830
3671941
36591414
270252504
6142322
263449030
64260849
24900206
828706447
458336919
120339468
1054491313
133351633
181077696
6940892
569828585
110709572
412329474
8326612
4989071
134128027
84270638
74465001
40019959
5512352
100070439
63948580
1167623232
788915462
3959111
240053726
434024521
108859787
761222156
7622742
41553974
1117001
152531715
91229545
1425361261
169061022
353893813
63461143
21967647
5405512
161642313
166495066
95210137
45568227
54147874
140757215
39488017
136878153
3990061
595709347
5675802
116405825
6685142
11328252
220981536
9344212
97527507
52876801
81040058
38012830
257806151
4030971
86169041
124383141
22925331
120087251
17407538
1247894972
122860763
138355422
129458124
128245119
354360373
254347401
350630982
93360584
152997423
60747158
86231704
330019641
207113236
15367082
46099193
18714913
117045472
15029195
86696892
155140878
332388103
283496501
84894016
264058217
57335448
107251097
323868146
520330804
3631571
53323187
5609962
65353772
448837948
46076448
104548364
551638688
429560036
1369350530
15955376
167403058
35636774
4968931
129826539
167925595
12783222
133648351
536156682
270107223
26912628
143737133
22938312
128483437
141474864
16806548
37937394
160424026
4132331
102067141
330146583
78464049
821549466
70118723
70331938
454885648
233778360
114228536
6782332
76001573
112100820
6062442
29657186
191728700
143329461
194825942
96387964
17362498
104850399
156896753
15596556
5780912
163446750
4365941
82810717
484637485
50461469
142689362
1068309902
996553850
321424636
425889054
139456983
578281365
81409466
73590567
56338102
189800559
106644520
329751611
1178175450
521401295
1461559400
47857580
19472766
16907053
486226731
142585599
5006031
61183270
428682514
324815921
269608701
65213842
136237841
6756242
132924656
113640345
461715415
5690522
94804460
42189695
202010903
79651715
136291701
156936993
4449901
183895718
84033742
111624237
156606628
1934378695
1326204548
252455197
102592101
131873968
626496927
979734481
14761773
34524042
40390387
15415357
181395889
33923521
249400613
46420806
56081209
91527176
25926132
532918846
1021740546
7606072
232579332
29888119
456707348
55202470
632466697
16304242
139663834
59095689
167886847
298837836
51583703
61395353
70587953
84981658
63962259
68404734
35998037
203494403
147995223
6255162
3964051
115410783
8949712
18539830
9449612
83443076
513942135
7611042
60274530
433509315
1495535508
972087110
76608604
184640443
268992741
306295211
19797237
392527914
212175342
44339701
1039133322
16979586
86352013
86965909
7456352
65655821
49645972
3646871
111811201
62495120
82598823
114737173
1572069145
72520125
76877143
288019341
276501505
117933487
71280312
15270211
214510975
366129588
1434981397
190926172
190924773
114126319
22744949
100329538
614862843
133366379
215854008
262151412
44565794
5743172
982275078
78503168
12173692
19799971
138454163
147409417
103246578
81058986
94661831
276538339
134812071
11752332
113646498
68905577
60320929
62221944
1138798602
4056111
343815768
15114913
18188545
837211819
87681470
903361687
102360027
3536531
326939697
729084391
185518751
233963152
91743165
375543345
188240436
168855393
128481449
189221869
577062816
426487886
82112586
172191055
231026236
333859814
98291918
4242151
104541350
12428412
9219612
103590780
143307934
195028652
157928346
116790987
114312528
5380172
12352982
70110444
148757124
110633876
143772855
1283003178
95574867
274199962
128185464
3343131
7128732
41741914
20770628
43806029
9641342
5702302
200851716
12078752
53330139
102569835
31335707
30621770
247198916
973367900
400737033
30842485
118977157
53636061
164584296
360276432
77731359
212413246
331557426
83033698
91299171
264833180
54208964
1010729666
941315940
101714357
394589769
8505002
858054608
8282142
224181045
417204540
86994922
42236162
1964585971
61794940
40791278
76291414
528576872
199264322
613452621
55759163
1103255216
60334587
200166229
3821631
29206065
78325192
14428667
93751755
265395621
132548589
303348353
52697473
15761089
4171231
6891592
141984645
229320134
100792040
112970659
82284004
19955981
91967088
15277683
260569233
117657587
708381595
62200945
3708621
8699112
272525211
59463974
452824402
1356198811
15893163
44753254
110147794
82533535
70231046
1192088005
174913157
1921886004
1060413259
845533670
199550192
62147115
94840108
45452034
81224254
522958834
147124945
188291052
20760833
280286613
4883051
3839521
36681605
16182534
140058482
97670982
5721402
9099062
85321582
136479774
48682181
4321131
547492436
4150871
416097196
332029225
491124425
181404034
401486350
90584195
90321537
31613718
184684425
109992266
65650028
3909041
11473372
2152561
388055579
134423216
279794862
46384468
187433781
190590490
168418983
412136763
211202744
103469744
16554541
14488958
58994302
133213331
12683822
63408195
59126778
3391301
7469462
92153059
14077856
10742382
7027102
83863650
166585748
107387303
7153532
5923732
97221039
4481411
45368103
406743044
251127982
171593997
383239700
165367887
1399040822
621559302
132187312
53309021
69350199
66036234
153403646
243211585
199493658
258198798
50553260
51391043
6832162
5780412
339790674
340378422
361769924
777713797
89450668
94878036
278035866
6966582
1385586894
23975126
69193707
615195313
134475882
79378365
291072887
149092237
309774585
42383172
625765778
122107953
62112196
396595260
128583617
104127776
100545186
60168650
104135752
77928232
605353579
87447609
133644018
134130428
32350981
24960162
30661059
243581776
64682978
16365467
13467522
43547868
56413988
17153378
18356364
5392042
121178333
1734188630
449504031
5520572
129331891
303485535
98311479
453820549
135001922
5546632
101974083
17555514
336971022
86493111
18094482
138150088
134478520
105804770
345191204
59822873
57921871
109509510
438191778
131547676
103840125
591663596
519522040
79735924
66569610
3988251
583815946
45297820
133943264
115386716
175222897
6025122
69163429
112695930
977789088
85116049
26503989
16704021
365213902
49038018
63323212
316976503
169903581
331685487
780141
105149277
3516311
73030184
119700041
115573642
1618625426
1963256496
53437015
4924121
21641182
326045074
1359790010
122821469
807458280
36000482
19184153
62543663
28905560
454637374
194412670
6832082
187823636
231655590
118392521
124975131
58826476
27142513
461138662
865569445
138089181
79539454
6063632
93169729
4331771
220662348
103623184
50406234
11408942
3792291
120510575
453697249
112182058
343055874
85509079
50334280
1317919560
320666707
112747447
100975198
1699311
786692142
1076058583
28099135
366923365
57299216
51278855
10333422
208943564
1533453493
14603485
96747957
320790237
4551761
81121280
177631887
889038618
90055603
854064788
457260832
4822011
108346638
17464665
455623211
105444846
355515842
102577629
147437245
119398424
124385098
14916114
314892001
8424582
63734545
495618826
98616740
50289174
90762360
220867162
37582306
223475758
254594332
100373520
228177627
245697148
808598677
264659393
10302522
128262641
452246467
155449120
968196722
103510878
176812636
61127821
95899648
1095004406
123911581
4961421
17464467
141421846
48273894
15322118
5931152
22603700
110688427
1880542705
101499390
153343194
1062843535
210176548
67571390
100115294
64588886
1316985002
1349064750
470343189
371218956
4895141
5394062
169080387
228213158
95365293
863762089
16163557
6886572
358639847
96087827
47281536
20024127
49946630
7313812
157247631
112195505
130504434
152133565
5459422
300216832
380763709
83014023
5800622
81151673
5588612
24658909
281076790
5394912
5544222
6055072
927673208
8926042
67353508
740405472
138392430
42336551
167583440
179105700
107407509
164331967
112973085
70843505
139103496
84206221
120931913
132443388
216311391
126586765
205243221
37466252
562098672
4117231
367009539
936233263
165480993
1553188903
5518822
84254055
3834951
833146286
223733182
135435715
18832183
86804635
71031150
43043475
6020862
390751400
24653768
63150818
370818593
89442807
180719806
17649536
187203876
106410520
546122961
1609788600
248550278
295242942
4319731
337054376
129034026
189878358
66302814
14773121
112034083
116269327
18118164
40167148
1759801
54465526
82074306
39265859
28262398
216965652
148193086
102023043
83331335
25703590
14806752
81170234
48361553
9290012
1964132275
8978572
54910723
52701713
115062243
15402125
318974650
134547631
1283075072
20828150
47660297
3980331
135824224
80319095
933582354
83991168
17964122
189911812
66880497
92326902
262569922
29170323
90140047
483846208
1227466609
70583831
335854406
14523904
15204557
94914472
304918082
102361587
124296664
187902205
146668847
83569161
21458902
95189482
43350778
121352025
264339474
128160111
8350062
8436292
238432848
5708582
119660294
6251612
255058401
74136595
38135935
79413954
1326300224
131460885
110154216
1396142569
620077782
6162692
4343771
5523632
7292582
139092118
258193893
153320256
936724002
50532185
18203585
194504911
47279627
419763501
113987676
246481200
14983923
31036457
338920338
83150044
1396226540
1540661341
86915513
165957785
76982194
1412923783
185978444
90584040
82911202
117764842
301508905
101464935
1098381066
41070259
