1890074371
1970074124
531086951
46765361
556920205
432620660
1318648716
308481452
401409683
386252400
45753387
526131775
360574942
856206457
69799371
148737600
284524437
532337397
334552613
1256512327
86348672
262042390
249557862
361146767
28957956
1099995584
112367539
822244044
270365061
125328839
264752479
365400380
572456130
150612566
355846572
351668115
388584935
780374748
248053300
417680828
1269883873
144151756
119535584
357382667
230433618
545988508
299422657
1167649104
468360807
1624444778
324162832
266389378
51529402
168079085
549120146
356865419
1435259173
1570071558
171003093
565267755
557861583
120603923
132814552
952928690
115876414
160764592
715494121
152644243
166209996
1601579317
1188008694
1331982698
561200805
143077942
1450342068
89946472
275517734
155754972
361994085
232876944
1251696558
409995963
306191463
147712947
63606376
548417946
158708977
64727864
54106178
363539880
803993533
265941351
154103818
148675529
607758927
78505585
5923552
166577455
165418413
362513777
330220360
349775615
630570668
61144711
265233857
414445595
240253373
107027338
579759436
334639068
1424646332
105355686
197674627
581592283
65909168
119072786
1252012440
391185788
107938337
723781291
1328371016
235584634
175448333
341928774
321520285
150946939
1673531677
1351905020
604710000
360547572
98078364
1547986369
106678628
110310820
1208210426
235456145
598429630
84320185
568179308
933698822
113927753
1563537691
160852571
159082600
603425698
565440794
237516680
215228003
923955038
237578156
316183992
1307441953
1324604148
81691627
1023447374
1293939314
102846659
1955512004
1173799993
520903462
230839830
1557196332
9154282
128837531
268031193
228351433
1414704602
331596110
571771402
340079061
178268468
811302008
450376663
1220222365
1448431176
401270084
1842096331
763336975
382171850
154144454
109483503
1264344542
135939390
198351828
400554509
1883003665
157872844
1473647808
277355947
1386064303
280018069
302070606
338393076
1256821100
267181065
358813290
939938784
258291477
281480865
160114179
905123419
557844536
1429218092
953094444
559499351
239779747
336831392
739965679
1510519357
818958938
382072670
128798064
1428266532
134424027
977257056
854526360
1295444346
707370540
85564369
317642866
216625447
1414635758
561014963
724673785
151050520
382976452
259741742
181513273
157651884
315234056
238982504
393250722
1428295326
321968421
1388675028
540290610
582303428
109483806
1578063931
404730999
431326486
109847526
1003592594
501609454
1524045422
1312541478
908112175
263109179
98653017
222438480
321216279
600109359
148630123
565662014
269145027
732788112
146107191
140643926
179361581
176092838
130417069
101500503
334695437
1250966316
137491824
108307589
1931192863
303182229
610023125
516623413
384165071
367088002
123164647
207518082
384201386
1023964526
202133441
265280996
89479927
2153265536
1584266808
137721504
521120691
1243082070
109885697
466960755
120309741
813591366
200917651
255494419
1662810469
294116120
235938114
1519760796
300137167
278014783
321309854
1529543575
1419867482
1221878293
630060420
622998579
76972147
145922098
553686803
108698636
778445971
179094450
125878748
338809341
1569806072
230177706
60453334
70138542
36095962
707060412
899955601
113879348
46651536
610070962
726045938
637115989
1114718334
270481400
269268659
547724766
561814296
797655230
561729243
821622488
606471370
1677690025
239001234
249609348
1461348560
56841461
198861422
316477689
128904904
99320073
37173961
154961690
58362261
1253051112
85102819
1417303242
964484714
571116747
111849857
509751717
271014261
1351034983
550895728
97409862
275479322
892402986
516068533
169728020
283364568
373369579
130767125
908854878
554295268
1606007334
108552092
166888376
362736486
756076862
236326362
1012471021
1853150810
1940311412
632794477
723437648
160390922
260242204
265407543
971147444
837603384
121803012
1356374238
129478307
108477292
193399490
736602018
261842048
217761059
150994315
229595454
1719521737
630881055
1322247229
242713745
117100833
170894927
1388939372
1473613914
548074885
942801211
1413432600
1291568761
583480584
492146484
401286242
349693821
1192536986
122305557
990882680
324981994
123223883
257666887
193297488
112147898
1528437601
164277345
147721039
277406735
1588516494
534211022
4056111
1593611527
245130761
281487603
1304699923
283140059
110051972
411451189
144476682
168511588
1220229848
391962428
702754620
866490162
212861228
178137402
28823752
99736319
124090121
528553752
574558290
871637934
155209880
419419058
356891826
264645947
314502395
408449827
905215105
747820544
326520383
89294274
121480516
125842414
480809788
131525754
267565832
499818793
81851665
159316041
332279943
535427149
160392261
119708212
334476769
183648621
199058063
25624275
1034339312
298501338
1268405834
108033484
277040392
359429910
324464984
861164155
292321277
185152729
121950229
279704582
823460354
609023309
106868488
86690328
24557820
11090852
1076372851
270764316
575446978
98640294
16448975
112318494
1251045744
339083207
1675977734
746448054
565058825
122866072
77935780
126939257
231363410
198881856
172208395
564699737
590812972
548211849
310896740
557439299
1521124298
47323378
74200581
269934418
1481712361
349576571
782549094
60051958
280447305
465656325
266497076
177186841
504340875
1017422562
1622368010
1351756836
1945900836
527958756
1351368908
301907277
438276230
1617516756
1052700499
100779259
207330868
443957189
1114946960
763044637
370000870
775920684
484637485
1435741802
386947169
400631757
248833898
161342353
588975555
538767871
290537411
861391826
154908234
582834615
293483953
145120790
606533020
207485979
124997889
189915560
1021495148
1331210696
239292968
366427524
232633695
248690213
99139108
1136163260
108208993
394738027
219276128
248273110
140044576
1334080849
147612470
411492984
571172166
947483023
384764197
227501300
425720392
812678713
625510738
130412109
150229668
127506845
969636128
123567810
275011515
577662476
487359432
1534532450
372664350
801633295
134293934
317185450
101688214
109201913
137966518
752600390
538038097
214864405
220522297
365474247
793695018
275448951
287003139
534282573
304786673
1866088687
1550068424
112851276
58461533
578038046
292725228
298415397
1585867352
872038866
353561751
321414852
120726371
282405897
195702544
860756203
1151013144
66957081
147522791
593684903
509706014
66093183
1389940926
71078290
391804127
437512721
1294163209
275081418
388313967
267021060
242742165
1344470065
327384771
728201857
550115301
339064230
126267650
433810100
288233263
168436153
166888744
18308537
712143558
1228677433
273332322
276496482
305386552
1696700952
399284458
240600084
121248683
1033905992
621040111
875565998
1138013228
292429185
1652334456
988895815
556644297
122030184
600754266
53683977
591918798
221319874
1000521758
150334608
1333441238
1435985436
785959394
80067216
960605594
214893202
527526124
364692902
1370106936
873505140
551622359
380949417
202591670
578078404
1251259729
514305432
568341238
413994470
271986907
54950393
340404712
381852766
892536266
529403189
404047557
323203152
255374931
404503189
447054671
1291522284
599936061
251632441
560346988
1703829008
266930153
601143657
578653871
303734549
469872070
115372964
112149853
214823902
17530993
496683386
276493369
309366912
1159773264
97770178
201212136
520315584
1322098368
391371684
70377810
179417495
189165028
294582153
1333304635
219651897
382948285
456601663
157996483
515330278
945421934
1298700198
1099682546
505508056
306859117
155249873
1306945950
283605966
1408958778
563728165
539081172
843778356
363704946
594615816
395343487
99239593
432320280
471957116
623704002
578197072
1118508560
199586956
826438710
525282490
1873999645
100951425
212934638
112444929
340349738
570065476
365533077
601903269
6619242
508355661
539080298
412140275
195805701
170695916
527485877
188268251
140408783
345829648
1636749937
197769832
1414238749
712132423
373838291
130122666
29211315
71710504
1293966380
1631664703
769490844
400107676
71074009
217468273
512372650
634645291
371596250
1579952946
345276291
743009101
1178648581
875054264
280896592
265822807
631172941
922708592
330380074
14396899
20297579
148798511
1640527746
340822023
123272339
145940200
223439424
884021917
55317415
626509526
141214207
370689562
411998962
120763209
978046046
73090513
280317745
456322651
332688181
1322677400
15893163
616671892
901371170
205182752
137598635
368616464
490288039
239312905
1292257394
229387199
752114856
392140081
1298891335
15892009
850838287
618116407
1095192169
28820452
547227167
110161966
1469763007
618530243
185076383
327936407
442853451
281503882
279074093
107226805
114459655
559310297
517559212
160395936
552615652
198342326
105785964
149764022
140088430
206928884
1180977277
165607651
205653894
246224909
56997313
342000322
559621184
1615039098
1603677091
141095366
1252099819
1253282172
570881943
140244726
956434688
1055388584
597025760
110456679
1245406596
134841238
451379965
700700941
437205792
287183255
591750534
47807313
408122880
160192827
306019453
15396870
131518198
981845814
462875753
117102609
614944482
557411717
288727424
1233701095
1273635380
422383437
629083844
881163314
471429899
2160755335
330986295
566503184
92153059
404669853
406743044
323312825
250039333
847021308
1186369292
278478174
65892545
515542538
70912959
261275974
1389420206
308894786
250020843
598905671
163914483
267829062
1646944790
412169734
77995180
272308684
410752908
334594026
134344304
320656609
236217795
283011097
187737881
389262392
407638416
953098129
1326806742
1948778600
521817257
137029912
311931910
425756010
533249746
16682112
242614246
174255437
302046665
523256191
265673554
277513053
285381282
929328330
127491068
1259394757
405458664
1293085765
338149347
91731543
857552442
273242656
124441475
563797089
88847454
136054971
445363702
1429906501
98061400
98099196
328724009
720146246
353951997
108230726
141551360
486416352
1254320804
526873804
96741838
560112564
290624093
1645238220
522659259
385205638
107177469
358004060
1922563572
329582083
1248610830
807561242
338116795
244508416
1430270814
537239690
586512579
280433464
1566960073
546892227
95666324
101524313
1307118271
128524142
107382753
388737036
1256806862
601864179
599840701
161702271
49896418
637237908
136647779
93173538
42988792
607063755
129417415
606477308
232899254
11425382
563613344
806748708
453150435
275008262
93430863
1291237249
280507781
533755556
265405779
99637377
267609170
133519793
897265537
139684525
334045960
163011434
151345029
123562957
112724844
265662525
566939907
1954598443
64547686
76230001
536264576
892638218
127184882
843198192
65472747
87426235
572747499
74655347
265094714
285498667
821523102
216333535
546768934
310265338
135375863
256413244
1717610240
139598867
116228666
448041686
335940998
130224079
107417856
107055254
775942964
129382002
700206385
30469344
630836074
1455456511
544888443
155446797
291141731
521135971
1067642408
1507844870
1651571906
1282160023
360673890
1285968644
145506689
107989458
110931989
327468732
398021132
743000246
100788036
768927464
565248177
187247940
365543043
829073012
78298262
56052608
15285337
264020558
973780836
157575762
401895447
46161430
293407806
303814299
152214875
94696593
99402683
256495806
763572930
1527008906
220327138
390741919
1591461576
1569403412
1263132133
493738564
960544898
128255887
117725763
120511473
76818838
99131115
270929929
570124659
328585446
118719380
387099419
777146664
105490549
260195821
16399499
105075972
97288419
367639302
6204422
922318596
350712360
706799257
480955757
550834467
581705809
138187995
94588351
119299819
360437834
91105992
542522972
89970108
598378493
1259030612
531770073
60594917
804256686
265165746
126310248
1295796312
294811224
68582629
299991260
594350706
300084817
308132964
270310697
1205529878
284288470
326523586
626166477
284996022
175584876
551098711
1414580114
147499260
321402404
66396974
363089819
127713546
217740771
118048520
137764483
1474197337
20507181
179520938
68123691
903985208
266675623
132473819
306577999
114182118
133713438
634282854
297214987
449567580
165026584
1288569475
1010824596
296800268
376438551
287064408
299731964
291679923
204349715
271422703
1162172773
145089086
494973699
1304451554
224626983
454775830
101566462
539104391
164156866
344078866
259835921
755344735
275878258
216405993
881626356
374638766
1041679382
773883078
54136713
554140963
117770034
1243156465
364713900
131762846
1892786280
583876675
392091103
188313163
1279406814
608341717
94077494
259150726
532305437
384175366
751522579
327944099
630151138
59111213
446653298
364746214
395352760
301388383
150086520
446322389
349022957
552631828
845044507
611805306
52876801
761833999
280573703
403867691
601623197
523107805
91695378
1169044010
142993775
98160746
370070507
271863002
165348116
1276483243
261592683
97885538
919103485
274765110
120315834
409973129
107087457
252073294
395418276
362938082
160424026
107694251
138385243
562985610
1605397021
158257370
96334640
1299570342
128263018
531365143
605049956
303210092
209523342
14512008
88347355
1286216137
1234791211
180233989
125625680
1368308934
82126429
135029949
355551216
612438784
292266173
22938312
1390040120
358808840
145143860
257399980
906008730
283571454
269231235
140725473
548720216
316402924
335204001
1937763115
1165266134
1940890765
359112530
109761517
535275765
345992006
98362191
855444607
822800947
162011123
136576078
705145980
303175943
230164581
261665917
185165104
120446593
184034962
1452809006
1386044502
347323641
277988435
623423375
595423176
941902182
618129853
365557728
23735509
1103490157
783129392
123557728
206671299
1197573410
312622914
294005081
538059574
568850822
268867993
409420127
82074306
1086047797
471900437
92272575
131377062
1453088815
290657237
1238208668
204688416
1496063580
1564884114
1395918787
198114210
5719492
1903936200
59791261
1597995661
392829633
605543433
20059366
15130994
350305202
569540878
77694732
536351679
799615470
15978752
983903539
1322235770
1343505145
851183024
123932275
1401785995
182820943
266062528
269816566
1157112998
93879779
1706507779
312093444
759192128
538258051
1886818106
473829653
424063925
546877099
236372856
1625846191
201701574
1237801981
1307477022
99532733
1269592123
105745721
769354448
620187719
189544282
1461201450
198595246
141282204
14882265
616803903
318839160
293934532
6092962
222759440
228097380
9796962
140751458
502969845
1086609728
302543492
237798651
564280220
292884481
736252999
166125167
136308483
143639171
116721096
734713615
59422907
177930692
181572810
250102132
1014436136
18471187
822649999
585724365
851043655
154114577
918289897
914333617
622728655
709733450
376751134
1396921970
166432896
323795076
456349714
558007563
1324206535
147308639
121958103
422276492
463691940
1076177982
521876277
16886473
114997890
375710873
324836620
607512727
267577564
90077225
636680387
206717750
710284495
483067266
220273557
336978154
250058888
22012524
1240846344
607032280
316202483
931935282
462930782
953123448
107866808
15504616
467379332
585472854
128404760
229107841
14541581
1645473151
40320339
203929845
1621868268
545884239
42043062
120703766
249223072
1251086784
254399892
118950997
1577897922
238575381
365305505
252038100
5687092
136941607
230209160
1904809795
463710683
992841800
387972820
348483566
927312876
382117248
1374450750
16612057
845005225
605413396
564293780
1263898266
740661204
57263842
17735325
230218463
280393743
105789259
257890196
1546134698
51714929
475896233
542231494
113385259
1013325499
837172964
516542790
449874488
171915821
554188298
788103763
1331887626
387647080
1279510268
15037872
88426082
124790658
423035872
178708278
994526118
317845033
1340378622
595182058
147174223
214327212
1922275038
307269916
139015385
1377322368
266415882
222833119
310834418
5396972
156166279
126318562
281065202
130534571
177884232
60604269
286649055
574398450
718434830
618280240
1943286619
1871424432
1027905258
393074991
817019604
516312659
919011602
470699417
1566036493
542349955
537104292
309019409
186792614
1666887925
156274807
23048655
62407420
1600184269
1449040830
131840876
359172618
1492942808
1706790408
1249304107
88215443
1471352041
70910402
261188561
224955301
60316082
232470604
99445899
231807140
402604228
1400991488
584835894
1432434523
553375382
67430502
959150785
244832870
75049603
422180408
570054672
1204865887
137271307
251474845
572603327
559417261
293935058
150179756
419476533
266618478
109749968
232555782
161475485
151802156
146442567
421780278
34959234
179401376
334591534
326889530
535407374
958214088
39222126
565425459
80826952
584964258
198002848
572211406
1440858985
197021950
364310131
466460192
107872440
440692879
874575493
15599306
235206712
537086029
161618493
209689440
300603544
1649633066
227583500
632858015
342236623
356131047
428820150
250048136
947216886
1314057698
1561689180
514196239
1579123598
351531477
1294797451
101716630
821997062
561907599
1404339504
413785366
494813365
94302808
238157367
1269703657
1140162140
315157458
163866691
12978522
125183017
54935246
878135094
402597493
472026149
1258177724
127204996
1852213537
268350150
536935606
131785942
519596173
82810507
573533728
403110849
159073511
34845070
96776963
553930622
213703106
941385241
1861102070
403393921
243632038
558519362
1290278958
93851844
451154705
609565985
712195556
594498694
384345495
330455834
102978164
613291891
613354655
14897874
155010112
269179262
209556632
1381731192
268783319
219949717
786299016
203847223
551624380
1667238992
73145252
134157410
225423836
170336095
472718675
229825733
1070922030
380990826
50499212
437868305
1450391353
18376449
229841219
132980131
165397371
113461224
440584697
219627877
839623134
479773920
532905769
474422089
636683019
868127682
157675509
775281396
394079698
277823784
376879359
312619575
58796156
1251985568
1229057899
567254324
247376632
127244810
370013804
965265920
223142512
1652977608
146826811
245857210
75293666
1712640264
1165300578
194869076
1706602014
561146347
221257672
564816835
447106937
268232788
330414009
505715163
134499323
1555893662
168579314
307711038
214391903
100465835
298351348
269844082
95185340
883397952
1266938510
79404775
71786448
516499240
518209175
869684450
193216763
271917777
1695215750
260623965
65504056
43979338
1585427712
412198431
549190135
927331122
536085493
283806449
273315236
274894155
547524866
229273541
186423154
157007121
170555973
346418572
162910014
120451877
392737994
1107993769
1397294491
258775532
1299269611
264694325
1887215425
147951457
131710551
535141145
1251204212
337589908
279406742
522081879
824642294
370700105
14072356
325866146
195278558
550187565
1349014088
209970507
606989316
416739411
450777539
380941358
1401048138
106421611
323898743
1320704408
1068142994
131688896
556952466
299730454
139497724
258836360
231466660
6376602
40235488
1330976310
606567768
1933904102
137554108
323054315
707945161
1027861957
16574749
27623956
164964445
319710706
478547110
399201832
151765086
38110860
536272407
323818491
116619627
273477846
312440141
108176450
236258387
1331205847
400513569
166576701
257654437
1663932548
490259118
113068405
306039198
173064912
184229508
262109792
81528753
500428228
1946393737
1431865506
811656787
477869479
1590485149
264702762
336637503
125726191
793639375
45126840
1856965069
499718655
1089340669
203860708
88602309
1070182320
475436600
267115011
564298028
335578732
413161487
36616827
128821598
712418772
263101902
119788414
265204542
106308260
591576557
14068012
318818569
73057416
291706361
263194698
187907896
325456623
268238556
384320786
1369702471
288193812
1857301608
118409625
216332503
194613468
1108248926
314974845
1017307338
148600721
1388445846
2151132048
1297918772
821275166
160390401
263533221
369451004
1447722980
619158190
389498043
467316798
108930953
133599538
283546505
903571296
392674685
1403610534
978680178
128527063
571289281
1369903386
179932652
869193864
575520642
1264492400
234158153
621106970
112460022
83142988
135106815
166413796
1344029370
341515165
206644793
372064641
892663778
262613057
102047790
433118266
844968548
266668515
385393329
153277002
336989237
121980397
563320166
25799899
1288985779
93853426
277413725
1020229470
619130240
1379442697
1686054973
524915885
387640747
141171115
38149361
219931099
247735476
263996878
806182202
611269273
240522409
249567965
213187195
368267250
339446779
136444107
283464294
292154246
97913860
1475125194
430608994
305406245
109199588
156365990
100962398
1306246543
119753972
1280235698
150200631
414306138
887187397
98103761
1403869476
444472198
591500898
282888535
445910830
495639809
727433622
67519586
812102838
131455469
539951816
346342711
161581724
88970286
379758667
11005062
623988015
1522056828
303299291
186802112
478665763
77720320
213257231
545180429
1414744424
1286257112
344241938
1250838847
268101063
61166285
1680978236
1326728917
755196475
126249159
1258682948
130009941
294082054
403782172
1538870786
239176440
142206689
162986071
353652847
334041900
758749650
1280671471
1326405950
562742799
322012549
804202964
445552542
999886998
70946355
1334246732
335751362
174856495
1272268142
1251361586
244571645
1430262270
144771114
380763709
134767323
1310399389
103348260
224622928
61110509
107114002
469467043
304939689
415347027
534474512
964063958
404110644
275279911
914934901
1292165382
1489454742
398540054
89454436
205258126
1398829381
551390129
157862937
80535034
1263773125
144431455
46661276
472955841
251111321
266594211
557615955
1269083766
211862028
909919212
1470054792
617963463
852975866
110612085
15413602
265933817
491053002
100585554
58182842
163097310
282249962
359331200
172626974
214035920
844823498
391258566
281973813
356304794
271822763
212678300
116436367
350592985
532032328
617907506
323582963
576706432
117398530
150086560
1381344764
141357535
124997155
355317751
1401662430
1513228392
130730305
210486809
