1203535874
1251377155
1250985302
242802704
605413396
230703145
140705834
1572003888
186441777
1461551156
875042142
763142202
324149309
58679360
1179779137
453007475
203006023
18317386
1407672397
282443854
182820943
507084884
123707478
612261982
276496482
63938660
782549094
1948778600
860840042
435609708
17530993
126952809
1941364860
840794240
960544898
455590020
236789894
537239690
899915916
716097409
35127445
123740310
507478167
141456075
1590485149
1379639460
851173542
806101165
565248177
330861257
338116795
566862012
292266173
735387842
387424457
572211406
345786147
299991260
417808988
60907745
109895909
538001638
609894632
1399136490
600187115
1219829996
1414635758
259170543
760701174
193216763
1455456511
782483714
274765110
328270091
569540878
119955732
113008918
446357790
548074885
305406245
423059750
141934641
255402282
564298028
86843695
328909106
184615223
88482104
1228677433
1408958778
796270909
95445313
281354563
609149255
455815223
331596110
1210783117
8208722
245121363
159523159
453673308
167649633
219627877
313237862
159777133
1389937009
706273651
873505140
145951465
280347000
254399892
1402134907
490217852
547570045
161702271
372064641
181404034
393838982
1470054792
590995851
1288094094
160391569
1962770839
286671256
241164699
1629553057
133128611
98640294
845005225
130417069
1287782833
233087410
281944500
130761141
775281396
70910402
298348620
143000011
225649104
129263740
357676452
324141135
941638110
1926000721
1395851754
19445917
491471343
296206836
947216886
66549161
80822777
195412481
195805701
20791818
111239692
1288364557
144810513
411288087
36323874
927274417
290005544
15319594
837083695
267565832
1346830898
117678643
1273635380
151765086
387236408
108331579
279126590
264766016
1298891335
1291739726
114754130
265822807
934928984
947679332
541499996
319493562
1324548703
35242592
338207332
97174117
153289322
104997483
22012524
1892786280
161645172
451789431
411492984
1288569475
866173572
1175659148
214893202
200917651
393994908
570852001
1010762402
752190115
507355817
1657291434
85574317
543990446
1316119219
479396536
744645307
397796029
520315584
256467653
1376789191
287515336
173064912
416678618
520856284
268116701
298885920
5923552
440574690
278504156
1312541478
283378408
312476393
144065261
582083310
108511984
150110961
124805874
546841331
170490665
452952824
1343505145
101696252
264807165
178905857
327779075
334045960
110158601
251192078
514196239
51921683
165348116
511492889
949846813
1391469344
1932567331
106709805
147571502
1657529136
1251361586
538059574
1050338106
234308423
384328522
98362191
353788757
101524313
462930782
634282854
111546513
1440858985
226165610
916915051
1907499884
236372856
165397371
1320379266
804660103
161342353
546653074
101688214
904151960
82985887
521397155
813591366
430531498
1429701547
15737772
871637934
216327089
601932722
402391992
1354237428
228983742
1270072256
231859140
77472712
141992905
1521124298
114680780
264807374
267609043
499639253
539018200
355460061
315098078
1269883873
75293666
280347356
109847526
416367592
1269703657
147132104
536085493
127214583
292832249
552764410
159761408
978125827
854918148
1570071558
114459655
605283339
516219918
1397184182
448111632
268321811
385352726
1609819160
284632092
331539485
1307477022
586482720
190117175
240059429
147284145
97403946
910210567
159392813
270206001
170222644
121799735
568894524
854819904
118744130
165774408
549200974
137634895
467346513
267609170
772376502
106701919
67519586
615248059
1424646332
259163247
604710000
1403812712
248292466
474834038
275448951
150946939
1224221820
712311936
439256193
269231235
467379332
108307589
1250368364
990913676
1940890765
97404046
256902299
741688476
353723550
234800288
539124898
348374179
47858854
1107993769
42189998
247735476
1070564534
87426235
1258177724
280847550
215975105
192857285
144151756
499587848
384165071
1472136402
131785942
1147143384
318866650
1580483803
202564830
479773920
85771495
531539181
523216110
15410416
566294056
227501300
520952702
1253205240
551901271
847021308
761758976
250004738
232555782
1028474120
1430324490
1251312907
120276237
1482360078
154477843
1443423510
44066071
1413432600
128820507
177136924
137700639
1197573410
217761059
274990372
1203242281
843195692
1060513070
1404339504
1516160306
575022389
346342711
135939390
323795076
305947971
1960600903
444466509
1034409085
91342161
74046350
212993366
524092761
298411357
176721382
1272268142
394667376
139371892
462542398
302499190
1946658169
52503931
391185788
336978154
129844606
1467516290
591750534
1240121580
350143885
583625625
404669853
569787806
266675623
179520938
292783532
107431341
529349533
90826162
235374003
209970614
111625660
89294274
1263773125
543262151
1271416266
895802274
603571665
284288470
320497111
134424027
89220572
788915462
166413796
779437543
89662954
217023979
549021165
307889652
488444158
87967226
593700354
329582083
234432006
375288065
773948936
245130761
377517655
562742799
299730454
941385241
288646683
412198431
568100386
1666410019
6792742
1585440300
336922158
384304687
294397491
905471540
426632760
1239082560
520676939
1116766478
101500503
923043421
295585374
107087457
364594789
387647080
1955587692
266618478
144107120
78505585
74655347
829073012
1291568761
197674627
38110860
354125453
608536208
205678228
273532566
130762395
1369903386
793593504
724952737
241725104
213588934
1651571906
274024108
553928365
154093235
131532468
218343098
613495689
1612662469
15599306
227870412
273983184
347825873
210839250
298501843
58115803
965527260
544888443
544319205
482879210
1252099819
180250352
418449139
117729017
440126421
141551360
101795585
187746059
236840716
566503184
352689113
187737881
154961690
269818251
307554081
365979427
711632676
516499240
121595695
538232624
117770034
981845814
756377406
521357119
79669058
100788036
712132423
18949960
41977674
172681035
532929506
225191758
1318750034
246376279
104793949
1268983646
1248683876
126513867
365400380
115861355
1021495148
102434670
514344820
183052156
378641386
115820416
947996545
266389378
135751557
108930953
18900874
274237323
540542862
128255887
114804626
457344919
526223258
128837531
264693660
399886238
1334380447
131377062
803922247
237578156
309544877
568231859
517425076
1269057462
135694268
745230667
864847812
1647683526
518637512
811001802
592897995
162334669
212117461
340027354
102262754
1072469670
114182118
113461224
572008425
1299269611
266602476
204594594
249112562
280283129
1662896124
598378493
101566462
113952770
918104070
1577093132
156583956
323397655
213321752
177186841
218048538
248277020
142477342
1363561477
268134433
593509262
545105957
560179246
304957488
345475126
99911739
163866691
178587716
275441733
263194698
537086029
342132634
251201617
102959187
184441425
1295796312
200435810
470886499
182839396
358031718
1351034983
1513228392
798809108
607348858
58796156
1180977277
519334017
1338329221
156166279
14706824
281503882
115001496
319498393
110143644
345245854
566134943
883566752
282855588
189671596
1008969906
466960755
266012854
43690167
136054971
900008125
1246603454
335751362
1146898632
116762825
1866475722
170235598
267577564
609061091
527217020
1941104882
281487603
888670460
446322389
56412417
310659331
617605381
111849857
488229128
235510828
1350994194
255494419
137029912
1430309148
292784413
430549281
538962216
212133596
79464748
535128366
148728113
372050226
325077299
113879348
185076024
178137402
1250838847
596887872
172558657
1297598790
146442567
280447305
83142988
609077584
554240341
282888535
248613214
119621985
291715276
482156945
21178729
1212025194
1682680171
462113132
1068142994
342985070
142993775
1369639280
235219313
570124659
1076177982
140011904
277502828
109283726
361146767
561670547
187902358
448940439
1290160536
548417946
1306945950
509708703
524396961
428009893
380742060
134293934
103606703
1289021874
546621875
190646710
112609719
142305726
131688896
82774465
268167618
910084550
1331210696
166209996
161227918
948931028
870132181
29730553
541370840
1557752281
124062170
400828896
266668515
85000614
1437919724
448653808
246229495
440584697
261523962
110635515
451693053
772884991
965265920
359172618
761833999
147507728
437512721
1347029526
1450489604
7031322
1605397021
132043184
527480582
416156198
160410152
583658028
291531309
229846109
573147698
14133812
1432382005
545057337
265849405
364325438
1220882869
223439424
197724737
408496711
35514954
453134926
607758927
157575762
935864917
1585867352
160852571
85568093
173025895
158674406
606268010
5638772
211798645
231361144
1615039098
110365307
291596927
1319987840
75049603
159697541
627952262
5900942
601934484
160426647
161581724
1555941146
264530590
185076383
619555488
273574573
107866808
108210873
5884602
123202235
368724669
93833927
1907469000
520022729
112634571
91376332
260608740
557861583
769354448
33491667
290982618
229026523
346463354
414010078
302729954
132516579
560360169
862865192
174533364
1462020858
267021060
275008262
1058097930
545180429
239733518
141503250
1237756692
715909909
249609348
907045663
830925601
760802082
320154404
274824326
18328358
165071658
262023980
134354738
1040866992
1297918772
465931066
1102744386
345992006
743009101
557615955
425823064
289786716
86117216
1433095010
64547686
571738985
198101866
89869171
337226613
56150909
114633599
102099845
139905928
1489308553
1916504972
556952466
1042099092
457526166
1316424601
1192536986
192703387
603425698
224955301
97831847
13626282
1025993647
1871424432
551390129
521120691
527485877
475540416
345820103
543149001
5867342
1302858716
360262624
283798499
162319335
84306921
927312876
129126909
375591896
112200701
541543429
1043541002
92965910
158624791
769305625
370707485
452914207
1391660064
130165796
250039333
783047858
543525942
422685756
293407806
123557728
124587076
25980087
25652306
116739158
89454436
172772442
989072570
554314849
975360732
1319612270
1714121834
1103490157
227675247
97381489
576048242
193342582
856206457
117312638
248155266
99445899
83471501
297176206
1306037396
614516590
353561751
1894124696
79121561
6376602
1235446945
1709010085
478547110
149785769
477809835
1363078316
579890359
583822521
525282490
331697354
265727166
442805449
929328330
571116747
105278672
155249873
171003093
220327138
505187537
171019497
312003818
316402924
349693821
796159218
1706602014
906407172
384175366
1533765505
124790658
532901140
557724206
143715608
15346971
235851040
117345571
482028837
888237354
983903539
271953205
550948151
264645947
296103233
173116740
143077942
461991240
579759436
1243082070
219180377
58461533
264752479
1888677216
281464161
234263099
480955757
823299438
128798064
217468273
183471476
1274801526
229854583
583208593
292294009
83373434
5287292
1645473151
619130240
403393921
147500418
557411717
422276492
160114179
960605594
797861786
595579461
180727204
140864935
428223927
95791007
417680828
551767485
97693120
120499885
176434628
1027861957
608218570
69799371
215870926
394079698
236326362
20688349
181169633
1314057698
189165028
440462822
526151143
364195307
179932652
1466215922
1491987962
285772268
1538870786
1706790408
515542538
155446797
610758160
254784993
739692055
950840862
73813536
5404592
517262885
520138278
328724009
187887146
1557196332
473001528
1063210555
256413244
481010272
207677366
1448431176
324836620
285648973
344444173
234671698
516312659
252628566
550104675
285855332
458101350
506302055
63606376
358813290
785870450
340913785
1646882426
58994302
1137020544
598208137
39000797
546418324
170241688
1263898266
335204001
110112418
234352293
55496365
606195375
468354888
1237249716
110382773
151741044
328543931
113520319
128935883
438750919
361901768
1070462924
603693687
400631757
162382456
147771091
257650390
773263994
203943648
564506340
165064425
82734829
128847600
142315250
104191955
131518198
356552439
248543464
269152002
1065275142
266415882
1186369292
137309970
482576408
155193112
110051972
267915034
19902242
948268837
545566502
179900202
971214637
280317745
845510622
178401082
466997051
702754620
224923454
63631167
363999040
119535584
1267289923
20770628
720146246
275661171
315108663
190269410
286535507
738224640
451374940
338399069
448761696
313193783
146632549
270323558
84813399
504418157
1351970670
91467638
1266511736
46282596
125644667
553930622
151334783
893710208
447082370
60821383
54136713
65777551
553684880
331928217
67604377
196857757
115421090
15142824
19115945
496947114
150179756
225759150
89665457
98078643
394646878
1330565047
348860346
918376380
202133441
958083012
582457334
1106194375
18079052
147582923
265711564
539250643
1192177622
92737495
363064596
1058140123
405469178
551825378
267046890
392507374
1863706621
95399921
368267250
304939689
1264275450
235024381
436604928
110120961
511676419
914459990
15396870
454840329
154103818
700608524
196890639
101953555
1247637524
121950229
401895447
468381720
414445595
274423715
1332555812
217665573
538939434
222720043
85208413
117141559
265662525
456601663
377081931
15126604
124448846
234451023
323203152
210862776
801902677
187174999
95804772
1473613914
586289243
100962398
103477348
523227237
150261865
98160746
1561874540
613634163
835219574
157937787
217428092
166432896
1584853122
177107076
136089733
332279943
108477292
379809932
474689681
1094455442
564293780
999886998
625685768
628019360
601903269
310055087
145158330
633704635
1890021564
1389940926
160395459
1053151428
28823752
229154167
915994658
288084176
1122291925
266383574
158257370
271986907
388731105
207032546
85102819
962679013
470937830
614763900
631001325
399380720
1468961010
77230327
969994489
506941694
154169599
107417856
1868156288
547524866
566939907
126243078
203878663
622924040
1384124682
473829653
277278998
565440794
15233313
216625447
1014436136
228315868
249139501
101519663
303632688
819736884
521025588
1680978236
516542790
452505927
127504712
128241995
401887566
391410008
1425494756
170360207
1736143196
1266561373
1289089376
145510754
237998436
96112999
1331982698
545526124
275878258
1158812023
1272099194
1253282172
129797673
1128722814
1313681792
1476219265
624972164
494940550
112898445
947483023
546525586
65587267
287183255
1252012440
546623898
787509660
416493983
852791726
1625846191
65909168
888852914
342127027
433181109
440257951
1251086784
1297854918
385495498
585724365
383734223
98103761
119312850
123526563
1223176669
226849246
40235488
119351377
218108393
587445638
96450642
122294766
373469949
178713072
300143094
198799867
338809341
1430262270
538767871
1883181571
154890758
1284641287
162986071
718434830
281334289
124386734
1522485042
364122653
1169044010
70054443
87978541
1371058734
822800947
154505780
235024950
85275193
326832699
110580286
33829440
99217988
229823045
1349014088
43979338
1430228905
314389074
93418070
94302808
818958938
265482845
548393566
283464294
210404951
379807847
179049070
159082600
1293939314
102978164
445965076
403124858
5575292
1336054399
302543492
837685896
100995725
1226404495
732788112
197415574
454546071
615280068
703296157
179401376
150229668
1047032486
218411688
763044637
117224115
1563200293
181080758
292033208
114094777
291558175
353465022
521089729
531198661
268350150
297800654
180343499
1565668044
1266438865
362926802
1647928099
1333441238
331551447
1597412058
88347355
780374748
598864608
1477055204
1636684518
557377226
272659177
740498898
325456623
49050354
336818931
151466740
532337397
568341238
295727863
1477751545
396612349
75477758
91599615
580604673
494973699
1217803014
750531336
189051657
97787352
508277527
318748804
1414704602
120697631
69325601
1168462626
408449827
334041900
330986295
817083198
598905671
18715466
231363410
85376483
107557718
248009560
15494628
378569530
270168930
126587749
249557862
104854386
1288090484
1041937272
230135957
112964480
114791300
259150726
114318828
309366912
472936039
391279507
242742165
163066775
373912476
251474845
174945183
54211488
579130273
1474360226
380949417
369456044
875565998
263957985
406918064
530944948
520401845
779998136
702641083
1336775498
299422657
1315640262
222469623
179377100
151040974
1328550865
194139090
607032280
263198884
939938784
93123554
264639459
461730789
1214936041
109761517
284478973
128832498
1208210426
149378043
111285245
416251392
1498182660
185137120
287618054
166999047
133361154
931476498
112096275
345875289
121107483
786052124
291116065
936670249
1138013228
931935282
419476533
826438710
1374450750
277731509
126252097
558519362
471045193
620770380
108319826
188347483
394073180
598250590
270487056
136647779
15955046
1321645160
157840497
559387763
469374068
125965430
404730999
261665917
374969476
539104391
1117279368
571741323
572388494
15702211
493906204
117593240
529424943
1624175773
155399333
1393661096
92935349
102656201
160390687
310654143
1670755520
149550276
1102984393
181572810
325981387
526873804
220611448
195392726
455783639
191788248
99139108
138187995
1274836188
391804127
215626977
317662075
30848228
15504616
528340206
847156466
56841461
404968694
317845033
42988792
95433980
283571454
1585427712
294630663
583480584
60454153
281556236
111334670
1245107478
158545179
211039520
901371170
173380911
92017972
1063212342
16626999
960050058
265106754
1159992644
855897414
1328371016
571749705
275813708
312440141
252073294
129733968
1334080849
404047557
230741337
358004060
508679517
94516574
924235104
17208673
542528869
563320166
324425065
381985682
137491824
95934696
282691396
1310291323
422770044
184440189
286659966
102368370
1313166726
271003201
282342295
879990156
855891522
115914128
1010824596
1010013590
1358828952
9598362
1519760796
231454113
273315236
205223333
339064230
166196649
1356354986
231093681
152909235
316183992
289650106
89970108
134469056
293934532
341466290
207291299
14293241
583716431
268630266
392091103
808506848
334476769
106237522
264312306
1389696499
445363702
551596969
318789114
168121853
241333761
74200581
259199195
340424199
157651884
1118508560
56077727
313521687
185636376
101733295
139983109
625251874
875984419
700102182
399201832
260208169
140351019
203896364
287146930
355849775
88569394
1330976310
422180408
857552442
1326224958
196083356
244856388
917272134
1313478218
24630863
578197072
943355474
215228003
25646678
91731543
599119452
856094311
269760104
539080298
284055147
370013804
151402093
333805166
1203140210
271762366
295671415
102299257
496916090
615233147
570807936
1227593347
230209160
574363274
525170315
47196440
337589908
137721504
302716579
560166565
176092838
270764316
563508915
1450342068
198342326
356898492
133183166
295040708
88602309
15390410
550541003
591918798
610023125
308500189
220379430
632706002
229242606
133699311
854128368
922990321
439580410
563336956
234018561
204289794
922318596
141514502
315234056
279811849
535410448
173872088
553686803
1028298517
359429910
184229508
174856495
1966255596
37664544
17774371
345331492
432928550
179361581
288233263
866490162
738621236
855930679
1450391353
552916800
491927361
180967235
121698120
462853964
119052115
194869076
140498775
1544386392
137557852
556635997
372193120
973780836
257881957
122378087
126310248
175445867
181616274
286971762
282472084
1322235770
1179678590
1291237249
536385410
775526276
1609865094
1728599948
1389402000
1014642582
471865240
802199449
727570334
147232675
196086914
715857090
46661276
364713900
246126512
112367539
105117621
149764022
406312887
429037496
275011515
803993533
623704002
790714309
489166790
734771143
1414580114
1645238220
1396651982
293935058
830396371
337057749
490100695
847329246
365557728
156514275
560977892
550115301
810137574
265443306
110163947
445429743
347690994
265983990
355317751
270481400
543487994
292321277
165763071
280393743
456349714
1333377043
112318494
440530977
957085730
103348260
339613741
1349064750
549337136
145143860
612235321
1578063931
448878652
498899006
251131969
54106178
297214987
903878726
156596467
763607112
159316041
360437834
38156368
771414097
340170834
947746903
424278105
386947169
273332322
290986085
161273960
135043180
317642866
307189875
45807733
720042110
1663932548
179340310
869193864
123567810
122828949
246683798
138827931
1299929245
231807140
128904904
1280235698
454695091
100656158
1974261942
516345545
1477015746
586512579
201701574
368139980
545667276
1617516756
248273110
216332503
1718859996
239821600
165607651
108591336
399284458
533249746
219404531
380967158
1073535223
179805908
511498490
743258365
307255556
540621061
303175943
243529994
111900944
244562307
136298454
266049825
1403869476
1217804582
545306919
143650489
184711469
542562607
154679604
1326405950
1086609728
263875293
229841219
573259489
91298120
603437388
238549334
551098711
144087390
242735455
1201101152
1662810469
780097896
601143657
116619627
334600557
925235569
978680178
269179262
165591425
91576707
124320132
96590213
1553398154
590027147
333935682
168079085
854526360
58833303
1320704408
127506845
1587394975
105355686
323000744
198154668
1105964786
190896558
133519793
60316082
105814451
306039198
421902781
1243437506
130805494
312101281
765549001
272308684
1256806862
137886160
50846161
261994962
539081172
128907734
15047127
133994971
1490532828
91568605
536242597
1304451554
258775532
140376558
134508285
360757749
549190135
93747704
377371132
70908416
344594949
129759750
536156682
357382667
344078866
164313631
618116407
153385506
1343699491
277477926
392575532
540641714
14359087
88847454
740678198
219322936
263109179
1034354442
155081281
569066838
907262534
988895815
297941577
1714252586
577034828
93862480
194148945
135051858
1149786709
390167132
369793630
245824096
1411750501
197769832
568179308
61086322
283548275
542349955
240114314
376438551
296131212
1597995661
313735826
203913878
66957081
940964293
395418276
245832359
105814697
129817259
976217202
289200814
863959728
939098510
134478520
192142013
263428801
97770178
733705004
382171850
225834103
300137167
16612057
274922204
600980189
1958353632
715766509
210533102
739965679
1258806000
387717873
298351348
966507254
89479927
326859512
113507065
277355947
346585859
164977413
1510595336
240704265
544430859
396057361
160389906
54188820
929348376
630881055
937048868
520903462
189045212
121756461
783129392
313644168
200678194
546896693
166312760
615217978
1404189499
923188033
531381061
218921798
474422089
265673554
245783381
585472854
340720477
189356904
138746731
1515412332
51714929
431430526
520952704
51985284
106601350
706501513
947501964
116390797
294968206
70851471
1003592594
564280220
1310399389
1254202274
311122851
391371684
171465637
288693158
82312106
350305202
1677351860
125975478
367606712
1449040830
403110849
419453890
973691846
378616777
844823498
125639627
217095116
283605966
180768589
186735573
164592601
82058202
264825338
14212065
49896418
267140067
472955878
1469594599
786177002
1200815084
615177197
125991920
120511473
1052700499
316144629
130776057
803798010
1710087169
306019333
583425032
622631946
1293419826
392461324
539810831
84671508
157140155
207485979
240557087
478665763
727366693
784858154
889150507
1293966380
148798511
133602352
1344470065
9321522
960158772
335977531
571771402
516068533
746839105
838392900
223763530
136576078
1159773264
1386044502
1260231768
1561689180
1356094561
490110051
96877669
428801137
103562358
183139447
239344761
143375482
232135804
306019453
1275853950
715291777
129162372
253361286
219355850
1946393737
1466621066
459209870
611544962
104389781
172886554
82533535
752114856
404839780
358030506
1522212014
520780978
141155507
536935606
323312825
441023674
392737994
64509967
572456130
1032772807
214463692
115481804
558406862
137780432
328339320
287055059
1478882485
170695916
525778160
63462644
1718033653
591576310
122387705
1313406205
160390401
1353587976
135191820
155836290
20507181
278600978
260693269
413785366
141163055
1287619802
1948990754
581592283
422534437
118398249
285498667
404110644
210271542
806182202
1354300735
261592683
274463286
397720904
1334246732
301907277
868105550
267771220
154380857
152214875
179002718
576306529
17153378
293567843
228097380
257702893
157343081
106421611
327179637
124624247
349576571
481672587
1306246543
482890108
146095513
257465761
116506018
402398627
1336753579
77757870
490151345
356749322
390741919
736422474
564837822
1926397376
345218498
9854412
553294583
1130667474
68992467
264142296
143338063
523107805
1264344542
95444450
93879779
786357732
1263132133
66673233
918289897
96984556
46896382
532864503
594648569
80535034
101243477
1374641664
1621894400
331906987
156524038
1331887626
163479052
285156610
100797761
139435536
302095900
134495775
466460192
1428266532
334552613
1249304107
904158764
190222964
258291477
238157367
753921972
262109792
1341931074
331767363
154435142
94682702
166633040
1071185490
79363668
131710551
263069276
166174307
468360807
964484714
75422312
101424760
272948859
1522056828
120446593
1178084125
327118785
231038600
1017626258
163844841
861200022
304987801
210697883
232406684
156540579
91037356
1544715950
165379760
327220913
283352754
889069236
1271692981
521723576
551624380
1322098368
305364674
327384771
1955512004
278904518
1375506380
119553740
134971090
387972820
289840855
100441819
268238556
190297960
1875664608
373456609
118161123
99131115
1280671471
5766902
9731832
367304446
1279782362
1884339972
619765509
160390922
216301325
254983957
321216279
137936672
583107888
1259085606
532905769
264732459
615202605
569810744
151322426
391962428
1864154942
760487744
213286725
267829062
123223883
128745292
269934418
1267302235
14139231
470720352
242614246
96034663
1262206825
1264492400
429522801
1576198003
1455841140
319815541
315604862
1273610112
1549623169
575520642
159997828
278937477
91758473
320208780
571572109
148651918
247349136
401335368
65353028
526548890
108552092
230432669
30187423
239779747
851043655
214327212
297312242
1251696558
138772402
404664134
166502330
910041020
99532733
560320386
186802112
575446978
234274755
1703829008
491053002
1489454742
145407953
1319935958
188005028
1842667482
283140059
482246621
108888033
134111202
338149347
1447722980
113590246
74090186
145195004
947281903
574398450
324804603
98099196
