1605869568
544038913
1203535874
217702403
1920008196
569066838
140688675
155499181
242802704
249888785
1251377155
605413396
70138542
726433819
1328279557
224288807
230703145
140705834
1461028189
1572003888
186441777
1461551156
94516574
181866505
763142202
1853849659
324149309
58679360
1179779137
203006023
18317386
453607499
1407672397
282443854
182820943
507084884
123707478
5884602
151765086
131842146
63938660
782549094
542589031
1892786280
860840042
435609708
432447598
17530993
144089203
63971448
1289396347
1941364860
283446581
66093183
840794240
960544898
455590020
236789894
263428801
537239690
521723576
899915916
239289194
1622173980
228372504
35127445
123740310
507478167
108609689
1590485149
1153185234
372711584
394667376
1379639460
851173542
179805908
806101165
565248177
330861257
338116795
566862012
292266173
797655230
735387842
265724100
625460598
387424457
572211406
722944208
387580118
299991260
532381917
1215201504
60907745
109895909
538001638
609894632
1399136490
600187115
1219829996
1324753134
259170543
760701174
267067642
193216763
1455456511
782483714
328270091
1116766478
715857090
119955732
113008918
158359836
446357790
267632927
272408865
479209880
216001243
305406245
423059750
141934641
174522664
551631580
255402282
564298028
86843695
328909106
184615223
88482104
1228677433
1408958778
796270909
339656757
95445313
79937858
281354563
609149255
60948808
1604628535
331596110
1210783117
135536977
8208722
245121363
545057337
159523159
110068056
265429339
1268466012
343376222
212132192
167649633
219627877
358031718
127361383
159342528
159777133
888938862
177471857
466960755
294257012
70869365
990699895
280347000
1010824596
1402134907
490217852
547570045
454590846
523256191
372064641
181404034
393838982
1470054792
590995851
1288094094
715766509
499720592
482156945
1962770839
286671256
241164699
550098330
113582496
1629553057
133128611
137422086
85000614
845005225
1269719468
130417069
265327504
1287782833
233087410
1058185652
130761141
1067082168
775281396
341466290
70910402
45488886
1289101766
200516040
298348620
143000011
386441678
225649104
64176594
196690387
115920974
156852694
357676452
324141135
941638110
1562943967
439634053
294429153
402735592
1395851754
162406895
296206836
947216886
66549161
80822777
268324949
195412481
195805701
95797767
251453962
111239692
1288364557
100980141
144810513
285090324
411288087
1594975496
36323874
588038694
927274417
290005544
242328105
348185130
98902776
837083695
1358578224
267565832
1346830898
117678643
1273635380
612261982
320193369
387236408
108331579
99435069
279126590
264766016
217825857
196086914
270244619
305005126
1298891335
276496482
1291739726
355951183
114754130
295150165
265822807
934928984
947679332
235987546
60046095
541499996
319493562
1324548703
35242592
203530850
338207332
97174117
155484777
153289322
104997483
22012524
1948778600
161645172
451789431
162382456
1288569475
866173572
142189189
1175659148
214893202
200917651
1379050134
393994908
571761309
21844719
1253327520
570852001
1010762402
752190115
507355817
1657291434
85574317
543990446
1316119219
479396536
744645307
397796029
1446150847
520315584
175241787
112368690
256467653
1376789191
287515336
1280361164
328483534
173064912
279100195
750775076
416678618
520856284
268116701
5923552
440574690
1312541478
1712300774
283378408
312476393
968213228
144065261
582083310
348938991
108511984
150110961
124805874
546841331
170490665
452952824
1343505145
324318799
101696252
165071658
178905857
327779075
284288470
334045960
110158601
1288135435
251192078
514196239
51921683
165348116
104137496
511492889
1178084125
381436702
298885920
1932567331
275465000
89220572
128238378
155050795
106709805
147571502
1657529136
1251361586
288277301
538059574
1050338106
468501318
234308423
384328522
1654817611
98362191
166312760
353788757
147874646
1001456472
345875289
795837277
462930782
574398450
131810147
634282854
474689681
1440858985
226165610
916915051
1907499884
139030674
1868156288
236372856
317662075
211125119
1320379266
804660103
161342353
381985682
101688214
904151960
267203552
82985887
267117473
521397155
813591366
481977255
430531498
1429701547
15737772
871637934
216327089
601932722
586784143
402391992
1354237428
228983742
1270072256
487451467
231859140
445363702
77472712
141992905
1521124298
114680780
264807374
132809681
14156754
267609043
499639253
539018200
355460061
315098078
1269883873
75293666
280347356
109847526
416367592
1269703657
1034339312
536085493
127214583
292832249
552764410
1336753579
245783381
159761408
210289666
978125827
854918148
1570071558
114459655
605283339
516219918
277406735
448111632
544080914
268321811
1900561429
385352726
1609819160
1691247642
284632092
331539485
100656158
586482720
277472290
240059429
249668646
147284145
97403946
340424199
159392813
270206001
170222644
121799735
568894524
442682145
854819904
118744130
850969668
144385094
165774408
1248830539
1433095010
549200974
137634895
467346513
267609170
1016530003
480486490
258622558
106701919
1303356512
67519586
633704635
155837540
1946158184
1424646332
195003499
259163247
604710000
1403812712
976217202
236843198
474834038
275448951
150946939
1224221820
712311936
439256193
269231235
467379332
108307589
108477292
990913676
1940890765
161227918
862291087
281568402
256902299
741688476
114318828
353723550
234800288
539124898
348374179
236397733
47858854
1107993769
180765866
42189998
146886856
264578226
247735476
383665333
1070564534
87426235
1258177724
280847550
215975105
192857285
1068877346
384165071
1472136402
581321941
131785942
1147143384
318866650
581592283
202564830
137020640
374359267
85771495
381994217
531539181
523216110
15410416
566294056
227501300
431430526
1253205240
301466873
551901271
114633599
847021308
220398845
53920690
761758976
250004738
260695300
232555782
1028474120
187561516
1430324490
1251312907
120276237
1482360078
1331262637
154477843
1443423510
44066071
1413432600
66708761
128820507
177136924
164221146
137700639
1413031200
1197573410
217761059
274990372
183199013
361901768
1203242281
843195692
1060513070
1404339504
1516160306
575022389
346342711
909346104
135939390
211132077
352961858
305947971
851043655
388318536
444466509
91342161
177249761
593509262
1250985302
127173976
524092761
524117338
600827228
298411357
385724911
570525025
515330278
591734118
296064552
1137091944
126952809
618734954
252552556
1272268142
116442480
139371892
1326224958
302499190
1946658169
52503931
391185788
336978154
129844606
1467516290
591750534
273815047
1240121580
350143885
119940494
1539237265
537249170
91973187
1414635758
583625625
404669853
569787806
703776164
1403610534
266675623
179520938
292783532
107431341
421037486
1310399389
90826162
235374003
597452212
209970614
111625660
89294274
1263773125
543262151
1271416266
129042070
1254202274
603571665
236698531
511837652
614139350
320497111
1717863896
134424027
533210588
166413796
779437543
89662954
217023979
549021165
307889652
506941694
280544759
81552888
87967226
267288831
593700354
329582083
234432006
15380737
773948936
245130761
210404951
366528013
562742799
318432785
131016213
299730454
941385241
288646683
412198431
56708016
568100386
1666410019
6792742
1453042609
781805388
1585440300
14850994
336922158
384304687
294397491
905471540
422938206
426632760
283343796
1662465631
150972356
517301821
1239082560
821552707
520676939
786177002
1285662290
569540878
101500503
1564173914
923043421
295585374
204760671
107087457
364594789
236381799
387647080
384108137
179840618
1955587692
266618478
144107120
424347240
248522354
74655347
278398580
201656441
1291568761
107374206
1036781186
1343800963
213567114
38110860
354125453
608536208
205678228
1489454742
209946266
114288283
249611933
565532773
793593504
724952737
241725104
973691846
78505585
274024108
553928365
278070959
154093235
131532468
588865770
829073012
218343098
145285407
307838644
613495689
132114112
404047557
557377226
227870412
273084706
273983184
347825873
210839250
298501843
58115803
212133596
615233147
544319205
482879210
1252099819
538823634
116506018
180250352
193999144
1073014514
418449139
153716471
29730553
141551360
101795585
367814408
187746059
236840716
566503184
447792913
197674627
352689113
187737881
1555941146
508002607
307554081
345786147
711632676
862865192
282961708
1309214509
121595695
538232624
117770034
171927347
147097396
465553205
981845814
562972476
756377406
521357119
79669058
282691396
712132423
18949960
41977674
172681035
560228172
49896418
5867342
1318750034
1477055204
246376279
104793949
1268983646
284854112
282871649
1248683876
126513867
1680978236
115861355
1021495148
614516590
514344820
951942121
359262074
183052156
349693821
274220926
115820416
716097409
124790658
135751557
108930953
18900874
274237323
540542862
128255887
114804626
1919682452
457344919
526223258
128837531
264693660
116778910
95791007
130762395
131377062
803922247
237578156
309544877
181430193
568231859
517425076
772376502
392646985
1380629492
135694268
721692320
412854210
745230667
864847812
754231237
1647683526
518637512
811001802
592897995
598523956
162334669
261580753
212117461
1210558422
340027354
195992570
1853695969
190269410
582457334
176092838
114182118
113461224
572008425
204269598
1299269611
266602476
166553581
1141967869
543336434
331650729
76273606
280283129
1662896124
1863706621
1333921790
113952770
918104070
1710087169
754894508
28107095
1577093132
767920147
156583956
323397655
213321752
177186841
218048538
248277020
142477342
1363561477
268134433
545105957
453673308
144771114
560179246
304957488
274483250
166414003
345475126
99911739
323012672
163866691
178587716
275441733
845282316
263194698
253616889
285648973
545884239
119351377
102959187
544237655
1295796312
200435810
470886499
182839396
313237862
1351034983
1513228392
1498007659
106940524
602610706
1953409135
245762161
230901875
393152628
822904951
798809108
607348858
129263740
1180977277
112610325
1097623232
106793090
1338329221
156166279
14706824
281503882
179432471
115001496
16361625
536160410
134354738
110143644
345245854
1612662469
883566752
282855588
1389937009
152963241
189671596
1008969906
706273651
1440475316
266012854
43690167
873505140
136054971
1862772924
900008125
1246603454
584018113
335751362
264210629
1146898632
102656201
1866475722
1158812023
256556067
591918798
124766427
267577564
605236261
609061091
282126565
82126545
1261324520
1253282172
278857968
1941104882
281487603
92285130
96684281
161702271
888670460
82618621
446322389
56412417
310659331
617605381
1476219265
488229128
1293966380
1350994194
255494419
894257431
47196440
270764316
292784413
1461905694
430549281
268658981
538962216
965527260
79464748
458357810
535128366
148728113
372050226
325077299
113879348
1601579317
185076024
1647928099
178137402
1250838847
596887872
172558657
1085057346
1722329412
1297598790
146442567
280447305
300651696
83142988
609077584
554240341
768985430
282888535
370706777
248613214
158770917
117778785
325632847
139110758
160391569
21178729
1212025194
1682680171
462113132
1068142994
342985070
142993775
1369639280
235219313
570124659
293407806
138092957
106334586
309675754
140863882
1264486783
140011904
154601859
949846813
74046350
1364248970
1332980107
103614861
109283726
361146767
561670547
588876180
187902358
448940439
854526360
156278823
191359388
548417946
306039198
509708703
312101281
536242597
380742060
134293934
103606703
1289021874
546621875
190646710
112609719
142305726
131688896
82774465
268167618
910084550
319758753
1331210696
80529866
166209996
406637005
154159567
211110353
948931028
870132181
6408662
117729017
541370840
1557752281
124062170
231391674
400828896
266668515
240601572
98640294
1437919724
448653808
491894185
1004145140
246229495
440584697
261523962
110635515
451693053
772884991
965265920
402549251
197732097
139092396
746588682
761833999
147507728
437512721
1347029526
1450489604
172886554
1605397021
65909168
141514502
416156198
1271441959
160410152
382102059
583658028
291531309
364284463
315234056
573147698
14133812
1432382005
281944500
265849405
364325438
1220882869
223439424
197724737
1182157380
408496711
736422474
453134926
607758927
157575762
490110051
935864917
1585867352
160852571
85568093
173025895
606268010
1456278126
5638772
211798645
285772268
231361144
1615039098
110365307
1116637820
238851190
291596927
1319987840
1251086784
266878230
75049603
159697541
627952262
97462921
1294797451
5900942
1103490157
152165464
601934484
160426647
417729647
161581724
154961690
264530590
185076383
619555488
1267081670
734939814
137395313
102920411
273574573
319623732
417131188
107866808
108210873
421644986
123202235
368724669
1612344000
235948739
93833927
1907469000
520022729
112634571
91376332
557861583
769354448
33491667
327854806
234015448
263100196
290982618
229026523
263875293
414010078
1324018400
302729954
132516579
280891857
560360169
346028809
160784850
547654383
827074344
174533364
553356022
1462020858
267021060
275008262
2150198024
1058097930
545180429
239733518
141503250
1237756692
715909909
1387014936
249609348
907045663
1888897824
830925601
760802082
403082019
320154404
1563200293
18328358
1714252586
1885809451
262023980
1522485042
1040866992
1297918772
346463354
1326749492
465931066
111526699
1102744386
345992006
855930679
743009101
141290321
557615955
181521238
425823064
80989019
289786716
86117216
598281058
64547686
571738985
198101866
584437019
114908635
89869171
337226613
187803769
56150909
1368951679
102099845
139905928
1489308553
1916504972
556952466
1042099092
1388738954
457526166
1316424601
1192536986
192703387
603425698
224955301
97831847
13626282
1025993647
1871424432
551390129
135957426
521120691
1628310452
527485877
350981052
475540416
1063316418
1896286027
345820103
543149001
274090956
314337101
355183570
440126421
1302858716
244536535
360262624
283798499
162319335
84306921
927312876
129126909
124488692
1142443177
122009428
299731964
112200701
383734223
541543429
283012102
418851849
1043541002
357362699
119827474
217435157
92965910
158624791
1326771224
769305625
370707485
850848798
452914207
1391660064
130165796
250039333
627063376
520780978
31374515
543525942
422685756
20791818
1076177982
372193120
604351554
124587076
25980087
1667238992
25652306
528018515
149900372
1310223445
116739158
450419897
973780836
172772442
229846109
554314849
975360732
162294885
1714121834
1185500268
49572973
227675247
97381489
576048242
521186419
193342582
856206457
117312638
248155266
782077062
99445899
83471501
297176206
557714575
1306037396
102434670
253361286
353561751
1894124696
79121561
6376602
265202846
1378241696
1235446945
895263876
606997668
1709010085
478547110
149785769
323546282
477809835
1363078316
314854574
267254225
579890359
583822521
989072570
378457276
331697354
265727166
123235519
442805449
929328330
571116747
1261071565
174099662
105278672
505187537
1492765908
171003093
387159792
249654496
220327138
155249873
171019497
312003818
186823401
316402924
1297370353
796159218
269313918
317172982
1706602014
15319594
360680702
406312887
1907574656
258166018
906407172
384175366
328486151
266389378
881695950
77995180
363064596
1371058734
143715608
323947802
321375515
235851040
117345571
1710042404
482028837
992628006
413961512
469167401
888237354
983903539
271953205
276442422
550948151
615280068
235171129
264645947
100797761
173116740
143077942
461991240
271322443
579759436
1179028706
66710862
1243082070
277433688
219180377
1452846426
595579461
58461533
264752479
1888677216
281464161
326832699
286084452
132484455
1414580114
823299438
128798064
217468273
183471476
1274801526
229854583
1443212665
83373434
614763900
1915833578
1645473151
619130240
403393921
147500418
145911019
557411717
342647361
422276492
450432399
160114179
100972441
1438289304
960605594
339488156
342132634
440257951
180727204
281464230
140864935
334552613
1341931074
399886238
428223927
1334380447
417680828
551767485
411045310
97693120
176434628
1027861957
608218570
69799371
215870926
394079698
631160057
73395672
1414704602
1089181674
1506184669
264711647
181169633
1314057698
15494628
941370853
158674406
526151143
364195307
179932652
1466215922
89643274
1491987962
288812540
284478973
104017407
156590651
1538870786
1471983109
1706790408
209930156
515542538
155446797
559417261
270487056
750510680
254784993
1258769941
739692055
255528475
950840862
73813536
246126512
300977698
517262885
520138278
1196690983
1067642408
417808988
187887146
1557196332
473001528
88444473
138440250
1063210555
256413244
481010272
114486850
207677366
1448431176
324836620
129863243
344444173
1264725584
234671698
516312659
252628566
550104675
285855332
254643813
506302055
63606376
358813290
97799793
785870450
296324725
137916024
532901140
1646882426
58994302
1279495807
1137020544
141893520
84324971
413785366
598208137
133574285
266841742
286959062
583208593
1248431762
546418324
170241688
412896921
1263898266
283012765
1428295326
231689887
335204001
110112418
15346971
234352293
229985963
181538476
120499885
606195375
468354888
1237249716
110382773
151741044
1474580154
328543931
113520319
55496365
156596467
128935883
438750919
147132104
516345545
603693687
400631757
411492984
147771091
257650390
1012887260
773263994
312078048
91090658
564506340
75222758
165064425
82734829
128847600
1105964786
830396371
573222645
130805494
356552439
540897018
1144769834
269152002
170580774
1065275142
106868488
103849251
266415882
1186369292
706834194
291057429
482576408
576352024
110051972
267915034
1328598812
266276637
1230081823
19902242
948268837
545566502
179900202
971214637
280317745
1349013301
178401082
466997051
702754620
224923454
63631167
363999040
119535584
1267289923
20770628
720146246
1897792140
315108663
102262754
1052700499
328724009
1857820644
125235035
451374940
338399069
111368766
112193375
448761696
313193783
146632549
270323558
84813399
491141095
504418157
1319612270
850692072
1250368364
91467638
1266511736
125644667
143407082
553930622
151334783
893710208
447082370
141938563
260739734
60821383
54136713
163344268
120249666
65777551
553684880
67604377
196857757
260627781
132214688
115421090
575520642
15142824
1430228905
496947114
150179756
249112562
225759150
89665457
98078643
753921972
1627328437
1330565047
348860346
918376380
7425982
202133441
271658946
958083012
347863030
1106194375
1334246732
91353034
147582923
1375506380
358128973
490297666
539250643
1351970670
1319505877
1192177622
92737495
561860568
1058140123
437252060
543487994
551825378
153661412
1479520231
367038440
267046890
392507374
598378493
95399921
1964945394
101566462
304939689
1264275450
544324782
1215074300
235024381
436604928
110120961
511676419
914459990
15396870
169906184
454840329
356749322
961974283
700608524
196890639
101953555
1247637524
121950229
401895447
468381720
100962329
414445595
274423715
41759408
152214875
1332555812
217665573
259551272
538939434
222720043
101363758
85208413
1274392626
117141559
265662525
456601663
212993366
845510622
195842119
377081931
15126604
479531085
124448846
234451023
323203152
1926000721
801902677
187174999
404839780
1473613914
586289243
507138141
100962398
213650500
103477348
523227237
1313166726
150261865
98160746
587624555
1561874540
361001073
613634163
1328173758
835219574
157937787
217428092
166432896
1584853122
794033515
177107076
136089733
332279943
379809932
480955757
111546513
1094455442
155869891
564293780
235122030
999886998
89454436
137949343
628019360
601903269
269848742
157978794
264753326
310055087
5771442
259983390
266490039
145158330
615248059
1890021564
1389940926
584553166
160395459
1053151428
219364138
28823752
533147849
229154167
957085730
288084176
1122291925
266383574
292294009
158257370
271986907
243470556
111505632
388731105
207032546
85102819
788751068
962679013
470937830
568201449
631001325
1911492846
399380720
1468961010
77230327
969994489
488444158
154169599
107417856
375288065
547524866
566939907
126243078
203878663
622924040
260657418
263957985
370659600
576327954
1938772243
473829653
277278998
383181295
243151128
565440794
156242650
515846432
15233313
494694690
16511707
106008869
216625447
1014436136
278504156
953094444
249139501
101519663
303632688
1464357170
819736884
521025588
1722372410
365400380
988476128
481672587
516542790
452505927
127504712
986698057
128241995
277832418
401887566
111234834
989241
391410008
1425494756
1306246543
1736143196
1266561373
1289089376
145510754
237998436
144904934
96112999
1331982698
545526124
1251045744
275878258
102707572
390164855
1272099194
527217020
1128722814
1313681792
111849857
359172618
624972164
494940550
1201141825
1515412332
112898445
947483023
546525586
65587267
287183255
1252012440
145565764
546623898
565514991
787509660
416493983
229298596
1051840933
1013335104
328913322
852791726
1625846191
132043184
1313036360
888852914
342127027
433181109
56077727
383742400
568341238
1297854918
109733886
385495498
1585451467
233091532
585724365
345911758
537086029
98103761
119312850
402398627
540684759
164543908
39000797
1223176669
226849246
40235488
211710437
251201617
218108393
363057642
96450642
122294766
264807165
178713072
404808676
516499240
300143094
198799867
338809341
1430262270
538767871
140816897
1883181571
154890758
1284641287
162986071
1229618701
1566036493
718434830
281334289
1644573204
77757870
102368370
364122653
46731806
18502183
1169044010
70054443
87978541
557724206
579506736
159105800
550138418
822800947
154505780
235024950
85275193
234263099
110580286
33829440
99217988
229823045
538089569
1349014088
43979338
337769038
1241305680
314389074
93418070
94302808
818958938
103879259
265482845
548393566
149959263
180343499
379807847
1930326637
179049070
2154016189
511816305
1293939314
102978164
1158435445
445965076
403124858
5575292
1336054399
302543492
837685896
100995725
209523342
1226404495
126005905
732788112
10265862
197415574
454546071
507428562
331928217
703296157
575151557
179401376
150229668
1047032486
218411688
150313965
763044637
569709449
99513010
117224115
170360207
181080758
292033208
114094777
1725534906
291558175
176845500
353465022
609891008
521089729
237227734
531198661
268350150
141456075
1565668044
113840930
1318286030
1266438865
362926802
267674403
1333441238
331551447
1597412058
88347355
780374748
269294336
598864608
260608740
1636684518
58796156
1246302954
1130667474
325456623
49050354
336818931
151466740
532337397
1188008694
1828410103
1477751545
396612349
75477758
91599615
580604673
494973699
137032453
1217803014
519334017
750531336
189051657
97787352
508277527
318748804
236326362
120697631
69325601
1168462626
408449827
334041900
20688349
1903432496
1267274550
330986295
817083198
559485759
598905671
585528136
1336775498
190926650
194148945
94237519
285817138
231363410
93879779
107557718
248009560
189165028
378569530
270168930
440462822
249557862
1253331816
895226731
1228747628
358609775
104854386
1288090484
1041937272
1152963451
162366322
122828949
112964480
114791300
1335425174
259150726
1966255596
960050058
472936039
193704846
499587848
391279507
214463692
242742165
282342295
373912476
251474845
174945183
54211488
579130273
1474360226
115372964
551596969
294024106
157651884
875565998
101733295
406918064
144544584
530944948
564425653
779998136
328471481
566134943
18715466
299422657
264164293
1315640262
133603863
532864503
179377100
297800654
1328550865
632706002
416388051
607032280
231807140
163058651
319532538
939938784
1480242145
93123554
264639459
461730789
1214936041
109761517
128832498
746394614
1208210426
149378043
871453692
111285245
874763264
1374641664
1498182660
287618054
1287533575
837697806
133361154
931476498
112096275
101524313
449744074
447001625
121107483
786052124
377320481
614757410
162300713
514216999
936670249
1138013228
866231545
931935282
326169652
419476533
826438710
119320073
531212468
91264058
51065916
109696061
1374450750
277731509
126252097
558519362
1709552707
162400972
1052767303
471045193
620770380
146492941
108319826
188347483
394073180
598250590
126587749
183882848
610758160
136647779
228315868
15955046
1321645160
598922348
1675220077
75040957
157840497
559387763
469374068
125965430
404730999
1711461498
261665917
144045562
374969476
539104391
1117279368
571741323
1477015746
572388494
53080058
342489283
126882965
493906204
117593240
529424943
1624175773
561984676
155399333
1393661096
125916330
267007148
1854215341
1229968560
1191679154
110384308
92935349
740512950
116762825
20507181
134495775
840004796
963933373
310654143
1670755520
149550276
328422599
1102984393
392737994
325981387
144151756
220611448
195392726
455783639
191788248
1428266532
138187995
1274836188
100788036
391804127
215626977
165397371
30848228
15504616
1959073003
528340206
713929968
847156466
56841461
1334031606
129797673
42988792
83277051
95433980
46896382
1585427712
338195328
560821510
294630663
583480584
60454153
281556236
111334670
759592207
95327505
1245107478
211047705
158545179
196064543
146322720
901371170
345191715
173700388
955896710
1349023014
154441002
173380911
266925361
148288819
92017972
274765110
190117175
409687358
196457791
625234898
265106754
65353028
178648389
855897414
1328371016
571749705
269798186
275813708
312440141
252073294
129733968
1334080849
1113884899
230741337
1138365787
358004060
508679517
875042142
924235104
17208673
765044396
542528869
563320166
324425065
546653074
137491824
108591336
168564083
1310291323
422770044
184440189
286659966
378836355
548074885
587445638
271003201
163066775
879990156
855891522
115914128
347726744
1698477458
254399892
1010013590
1358828952
9598362
1519760796
231454113
183891362
273315236
205223333
339064230
166196649
1356354986
519296429
1878103471
190222964
231093681
152909235
316183992
289650106
89970108
248722879
134469056
1426904515
293934532
227448274
207291299
583716431
511498490
392091103
808506848
334476769
541239547
177919460
612567292
106237522
264312306
1389696499
231798262
380949417
608179705
318789114
168121853
241333761
493360643
74200581
259199195
910210567
369456044
1118508560
504434258
284537774
283464294
313521687
185636376
139983109
544241185
625251874
875984419
700102182
203077159
399201832
260208169
140351019
203896364
287146930
355849775
124135688
88569394
1330976310
548238904
857552442
253417021
462542398
520401845
273420746
46661276
244856388
917272134
1313478218
292894286
24630863
578197072
943355474
215228003
287651412
25646678
377517655
59774552
599119452
331552350
611053157
702641083
614291044
856094311
269760104
539080298
284055147
370013804
151402093
333805166
1278154351
1203140210
1719921583
271762366
295671415
273532566
102299257
496916090
544888443
300103293
272881278
570807936
990566018
1227593347
230209160
574363274
525170315
1327412876
137029912
337589908
106682015
137721504
1276614306
302716579
226358948
560166565
1072469670
572456130
1430309148
563508915
1450342068
571553440
1397184182
305364674
356898492
133183166
295040708
88602309
512407239
92656588
15390410
550541003
170235598
137639636
610023125
340913785
188193060
308500189
1217804582
194139090
229242606
133699311
854128368
922990321
177182454
439580410
561247995
563336956
234018561
204289794
922318596
527480582
476944136
279811849
139630347
618092302
535410448
375591896
553686803
1028298517
359429910
174856495
590027147
37664544
17774371
345331492
432928550
1027381032
179361581
288233263
866490162
738621236
525282490
1327003448
1450391353
280475450
147636098
552916800
491927361
180967235
491471343
121698120
462853964
101209933
797861786
125622097
228097380
119052115
194869076
140498775
1544386392
1474197337
137557852
556635997
123557728
338884451
46282596
257881957
99997542
122378087
190297960
175445867
1017626258
286971762
243431284
159082600
1322235770
40460667
629471100
1179678590
1291237249
536385410
1331263363
775526276
1609865094
1728599948
573633467
1389402000
125341336
1320040338
1014642582
471865240
802199449
879867804
727570334
147232675
282472084
1603286952
196083356
364713900
274519026
5404592
112367539
105117621
149764022
85317559
429037496
264819653
275011515
803993533
623704002
790714309
489166790
734771143
151040974
1746204618
1645238220
1396651982
293935058
104191955
337057749
490100695
1401231324
847329246
185137120
156514275
560977892
550115301
810137574
222469623
265443306
110163947
445429743
572332017
347690994
260560883
265983990
355317751
270481400
1318465591
405469178
292321277
165763071
1388763140
511650134
635485868
137271307
280393743
456349714
1333377043
112318494
440530977
915994658
103348260
536018609
166999047
339613741
1349064750
549337136
1707350066
145143860
612235321
1578063931
448878652
498899006
251131969
54106178
297214987
329504836
317845033
903878726
119621985
763607112
159316041
360437834
409598027
38156368
771414097
340170834
947746903
424278105
573259489
566812346
386947169
273332322
1250631355
540621061
290986085
161273960
135043180
317642866
453007475
1885821044
45807733
538187896
512566877
720042110
69296243
1663932548
179340310
105044103
869193864
458101350
363522413
230135957
246683798
138827931
19445917
263198884
154429486
1259361536
128904904
1280235698
454695091
1307477022
1974261942
233830588
179312833
1165940930
15702211
201701574
291116065
119553740
291715276
1617516756
248273110
216332503
1718859996
239821600
165607651
84321318
248543464
399284458
63002860
134971090
126310248
103184626
219404531
378566900
380967158
1073535223
14293241
268630266
1719687420
743258365
551750016
394090755
307255556
1269057462
303175943
243529994
111900944
177191186
91576707
130824469
136298454
293280028
307189875
116234528
266049825
283048226
1403869476
220379430
545306919
143650489
184711469
542562607
153229617
947996545
154679604
315308426
1326405950
1086609728
203943648
343365954
229841219
400529735
91298120
1875664608
603437388
238549334
551098711
197974360
365979427
144087390
242735455
1201101152
185859094
1662810469
780097896
601143657
116619627
334600557
483783741
925235569
978680178
596407359
1189116284
269179262
165591425
244562307
124320132
96590213
1553398154
269818251
333935682
168079085
1290160536
436395781
58833303
1320704408
1369903386
368941029
127506845
1587394975
539728290
265941351
1438120356
174766501
14899622
323000744
401045929
1070462924
142315250
190896558
155187633
60316082
105814451
545667276
1306945950
135694246
719518140
421902781
213703106
131518198
524396961
765549001
272308684
1256806862
137886160
50846161
162273746
539081172
128907734
15047127
1249393112
133994971
1490532828
91568605
428009893
1304451554
72041538
590027237
330277969
258775532
346313810
1221040622
134508285
360757749
549190135
93747704
5287292
1229781498
377371132
70908416
344594949
129759750
198154668
536156682
357382667
864098828
422476305
344078866
435343936
1228971781
273242656
618116407
153385506
1343699491
277477926
133519793
389954088
74090186
392575532
540641714
14359087
88847454
274463286
219322936
263109179
127097404
1034354442
584555070
155081281
393449180
907262534
988895815
297941577
1392150967
577034828
144129805
93862480
66673233
135051858
616938068
1149786709
390167132
369793630
245824096
1411750501
122210612
197769832
461077097
568244842
568179308
137309970
454621806
283548093
91731543
61086322
283548275
103520884
213187191
480238205
542349955
240114314
376438551
296131212
1243437506
377313936
155193112
313735826
96533140
203913878
66957081
150936216
129424027
586512579
940964293
188005028
518072774
245832359
105814697
129817259
322605654
248292466
289200814
863959728
573848244
939098510
134478520
1038480500
192142013
141073086
1593459829
959150785
97770178
59597942
822704838
733705004
299624908
219355850
225834103
300137167
786021080
16612057
274922204
600980189
165408549
1958353632
1259085606
1925249767
137692284
272659177
261994962
210533102
1034409085
1258806000
387717873
298351348
181910261
966507254
89479927
326859512
113507065
277355947
411310848
346585859
164977413
909613831
1510595336
240704265
544430859
280468239
396057361
160389906
54188820
310360853
317078295
929348376
266212484
296565532
630881055
560249633
538024411
937048868
520903462
376033073
421534504
189045212
120666922
121756461
351574830
783129392
313644168
200678194
546896693
319498393
154024761
615217978
1404189499
341483573
923188033
531381061
218921798
474422089
265673554
266017620
97404046
585472854
154103818
340720477
125352421
189356904
492166972
138746731
277502828
51714929
520952702
520952704
51985284
106601350
706501513
947501964
116390797
294968206
70851471
233872272
1003592594
140376558
97909894
156654487
1646320536
1352317850
564280220
529349533
213286725
879553951
895802274
311122851
391371684
171465637
288693158
81532748
82312106
350305202
1677351860
214490037
125975478
367606712
1142307770
568638397
1449040830
476035573
403110849
419453890
123223883
213588934
378616777
844823498
125639627
217095116
488031394
283605966
180768589
106732497
146766802
186735573
164592601
82058202
264825338
14212065
532929506
267140067
472955878
1469594599
15599306
1939855868
378641386
74054636
257702893
125991920
120511473
286535507
173872088
316144629
130776057
803798010
1318927357
255540224
738224640
387418519
306019333
431456256
583425032
274338988
622631946
1293419826
392461324
539810831
127818770
84671508
1086651414
499440665
207485979
478354460
240557087
333274145
478665763
727366693
198397788
784858154
889150507
235510828
148798511
133602352
1344470065
9321522
960158772
126362804
357488324
335977531
571771402
516068533
746839105
138969071
838392900
53427271
962690120
223763530
136576078
1159773264
1386044502
1260231768
733964815
1561689180
141810781
1533765505
1356094561
157140155
225191758
96877669
107051537
869358696
358128745
428801137
284845246
103562358
183139447
353508472
239344761
143375482
232135804
306019453
1275853950
715291777
337792875
129162372
582511126
274824326
135167112
1946393737
1466621066
459209870
295727863
42228881
104389781
211442838
532135063
148722884
7031322
82533535
1518255264
125213858
752114856
358030506
615177197
362937516
1522212014
783047858
141155507
536935606
163462328
323312825
441023674
164313631
181572810
64509967
1651571906
1032772807
592723144
526873804
338140363
115481804
558406862
271842511
137780432
328339320
1103486162
287055059
537274917
1478882485
776084707
233560614
1318583527
405511401
170695916
797424878
249699567
525778160
63462644
1718033653
591576310
122387705
373469949
1313406205
231644414
47045888
160390401
102276359
1353587976
1070823980
441464023
135191820
611544962
198342326
278600978
524360979
260693269
265231638
141163055
1287619802
172604702
1948990754
1580483803
422534437
385387057
118398249
285498667
1299929245
176721382
404110644
210271542
806182202
94952764
1354300735
479773920
276472151
261592683
740678198
397720904
630214540
18079052
301907277
868105550
267771220
154380857
244699023
271981917
179002718
127147359
576306529
17153378
293567843
95804772
157343081
106421611
493059437
136150384
160390513
327179637
124624247
349576571
265485697
204603507
1459887492
358464902
287659510
275661171
1200815084
256884111
482890108
148242329
146095513
802389403
257465761
204594594
123526563
1159364004
565321628
210862776
124386734
141614511
490151345
263518793
48643512
390741919
35514954
564837822
150213877
1926397376
345218498
404968694
9854412
553294583
740498898
68992467
309366912
264142296
1700978138
143338063
523107805
1264344542
422180408
95444450
85376483
786357732
1263132133
1173945830
184441425
918289897
531799530
193658347
96984556
18266706
283571454
19115945
594648569
80535034
101243477
416251392
1621894400
331906987
156524038
1331887626
163479052
285156610
1334181390
139435536
265830318
1159773721
429465115
302095900
160390687
466460192
214015521
99139108
788915462
613350950
1257618986
1249304107
904158764
201186861
160390702
16420128
625685768
258291477
238157367
262109792
346291778
331767363
154435142
105355686
107091212
292265548
94682702
166633040
1071185490
79363668
131710551
157177000
263069276
166502330
166174307
234995302
468360807
964484714
627949166
333954671
205127280
75422312
75212051
345439860
326827637
101424760
272948859
1522056828
397224554
104111743
120446593
1646176741
184229508
706471190
1533058694
327118785
231038600
165444205
627080848
181616274
163844841
861200022
365557728
231789022
304987801
210697883
232406684
1424457373
156540579
1960600903
478748325
91037356
325443245
1544715950
165379760
327220913
283352754
889069236
1271692981
194576056
367037044
276922042
1698034934
551624380
74448842
1322098368
211039520
123567810
327384771
1955512004
278904518
265711564
368139980
257032141
136665668
59399889
533249746
387972820
289840855
100441819
268238556
380165853
945656550
1391469344
1159323360
373456609
283090658
118161123
1708809956
275947238
79404775
99131115
394646878
1280671471
5766902
326172407
9731832
232554237
367304446
1279782362
1890074371
1884339972
619765509
160390922
216301325
296103233
324040936
609086083
254983957
134733590
321216279
1254399769
1965358874
1438187294
137936672
583107888
222994214
170147623
532905769
264732459
473825068
615202605
267132893
1486518888
323795076
569810744
151322426
391962428
1864154942
760487744
1063212342
267829062
284712776
16626999
128745292
1597995661
138616656
251412305
269934418
1196212051
504520537
1267302235
14139231
470720352
113590246
96034663
1262206825
1264492400
429522801
1576198003
1455841140
319815541
326582544
1853095801
315604862
1273610112
1549623169
155836290
159997828
278937477
382171850
91758473
320208780
571572109
148651918
247349136
1612455830
401335368
1159992644
526548890
947281903
108552092
230432669
30187423
239779747
145951465
214327212
368267250
1251696558
27852719
138772402
404664134
1384124682
910041020
99532733
560320386
186802112
575446978
234274755
1703829008
491053002
155811789
145407953
1319935958
395418276
1842667482
283140059
482246621
508780672
739965679
108888033
134111202
338149347
1447722980
242614246
95934696
145195004
385351663
297312242
455815223
1361975562
324804603
98099196
