535167488
66270535
559003819
77732356
99236869
35417096
68965897
71472651
14491664
936103441
3687171
1424640535
115381785
15155375
411391004
65888287
5378522
123790371
105554980
70090278
59718698
1153528363
6731442
572016174
5904392
260552758
134681353
58722873
5484602
312393141
169505858
15377475
5951562
172275275
159878735
37227600
91483221
121675361
2632291
186384996
264626282
16169070
110955119
92471411
63085177
607348858
261665917
13602752
2393731
243454596
174564998
129448583
1957436780
84853898
354125453
116699790
17268882
23734931
300597908
199146645
1140766489
255779484
40140445
183784606
446685346
1045293510
107368875
337054376
361090729
610078891
4354221
432456879
415839922
83817331
79472821
1106062518
68587192
134433466
513969347
450419397
11370182
70060233
103281527
925157666
1320611023
14157528
228226265
95919834
25799899
64378588
16555745
6253282
161616614
9154282
19959538
4601811
50791157
150598902
15124727
388852472
89444089
195775738
36610603
65321221
52650761
145564427
18265869
288212238
3998481
1326223124
121921156
158545179
186742044
151746333
27228962
87913252
392891685
373204785
79464748
562735919
145575729
1355749682
596180765
121039669
114373430
60023103
14684480
734298434
580329867
949438177
11498312
483289929
45786442
41322249
743009101
972079490
98362191
467609425
18326866
80868693
27636571
553550686
276499809
9796962
5828452
47996267
16032108
152941873
159412078
142993775
376750056
5335922
280279923
192776492
360975225
94105037
425405308
77953920
4881281
56701826
114689411
5310852
530834822
1663959410
5240201
129245066
42829707
303722894
167164816
45826692
117917587
143869332
179417495
7080152
105798560
16820130
300138915
94272421
61772263
15411100
121248683
606072748
109905325
15037872
109283726
413584719
73622174
129822537
226833849
147955643
417680828
9572682
15312900
63842549
5769152
412400065
150639555
315869981
70915829
12904902
74958792
289941962
104436983
16331213
7217102
15412177
65609682
69224867
401416740
118635991
16560540
283140059
89192838
70854985
15244194
1434518096
137208804
1626961
133783528
281435657
12483052
101444946
90322926
573633519
176354288
14339572
30435726
16860107
54950393
298062842
1193350651
380772860
130009941
